CREATED BY SHEER LUCK
7
 pair   AG    AG         440   1.1000000       5.5000000    
0.687142E+02  0.664569E+02  0.642717E+02  0.621565E+02
0.601090E+02  0.581270E+02  0.562085E+02  0.543516E+02
0.525542E+02  0.508145E+02  0.491306E+02  0.475008E+02
0.459234E+02  0.443967E+02  0.429192E+02  0.414891E+02
0.401052E+02  0.387658E+02  0.374696E+02  0.362152E+02
0.350014E+02  0.338267E+02  0.326900E+02  0.315900E+02
0.305257E+02  0.294957E+02  0.284992E+02  0.275350E+02
0.266020E+02  0.256994E+02  0.248260E+02  0.239811E+02
0.231636E+02  0.223728E+02  0.216077E+02  0.208676E+02
0.201516E+02  0.194590E+02  0.187891E+02  0.181410E+02
0.175142E+02  0.169079E+02  0.163214E+02  0.157543E+02
0.152057E+02  0.146752E+02  0.141622E+02  0.136660E+02
0.131862E+02  0.127222E+02  0.122736E+02  0.118398E+02
0.114203E+02  0.110148E+02  0.106227E+02  0.102436E+02
0.987712E+01  0.952283E+01  0.918035E+01  0.884929E+01
0.852928E+01  0.821997E+01  0.792101E+01  0.763207E+01
0.735283E+01  0.708297E+01  0.682218E+01  0.657019E+01
0.632669E+01  0.609142E+01  0.586410E+01  0.564448E+01
0.543232E+01  0.522736E+01  0.502938E+01  0.483814E+01
0.465344E+01  0.447504E+01  0.430276E+01  0.413638E+01
0.397573E+01  0.382060E+01  0.367082E+01  0.352621E+01
0.338661E+01  0.325185E+01  0.312177E+01  0.299622E+01
0.287505E+01  0.275811E+01  0.264527E+01  0.253639E+01
0.243134E+01  0.232999E+01  0.223222E+01  0.213791E+01
0.204696E+01  0.195924E+01  0.187464E+01  0.179308E+01
0.171444E+01  0.163862E+01  0.156554E+01  0.149510E+01
0.142721E+01  0.136179E+01  0.129876E+01  0.123803E+01
0.117953E+01  0.112318E+01  0.106891E+01  0.101665E+01
0.966337E+00  0.917897E+00  0.871271E+00  0.826397E+00
0.783215E+00  0.741667E+00  0.701698E+00  0.663254E+00
0.626283E+00  0.590734E+00  0.556559E+00  0.523710E+00
0.492142E+00  0.461810E+00  0.432673E+00  0.404687E+00
0.377815E+00  0.352017E+00  0.327256E+00  0.303494E+00
0.280699E+00  0.258835E+00  0.237870E+00  0.217773E+00
0.198513E+00  0.180060E+00  0.162385E+00  0.145462E+00
0.129263E+00  0.113762E+00  0.989355E-01  0.847580E-01
0.712067E-01  0.582589E-01  0.458927E-01  0.340871E-01
0.228220E-01  0.120772E-01  0.183403E-02  -.792593E-02
-.172207E-01  -.260674E-01  -.344823E-01  -.424818E-01
-.500811E-01  -.572954E-01  -.641391E-01  -.706261E-01
-.767701E-01  -.825840E-01  -.880804E-01  -.932714E-01
-.981688E-01  -.102784E+00  -.107128E+00  -.111211E+00
-.115044E+00  -.118637E+00  -.121998E+00  -.125137E+00
-.128064E+00  -.130786E+00  -.133311E+00  -.135649E+00
-.137806E+00  -.139791E+00  -.141609E+00  -.143269E+00
-.144776E+00  -.146138E+00  -.147360E+00  -.148449E+00
-.149410E+00  -.150248E+00  -.150970E+00  -.151581E+00
-.152085E+00  -.152487E+00  -.152792E+00  -.153005E+00
-.153129E+00  -.153169E+00  -.153130E+00  -.153014E+00
-.152826E+00  -.152569E+00  -.152247E+00  -.151862E+00
-.151419E+00  -.150921E+00  -.150369E+00  -.149768E+00
-.149120E+00  -.148428E+00  -.147694E+00  -.146921E+00
-.146111E+00  -.145266E+00  -.144389E+00  -.143482E+00
-.142547E+00  -.141586E+00  -.140600E+00  -.139592E+00
-.138563E+00  -.137515E+00  -.136450E+00  -.135369E+00
-.134274E+00  -.133166E+00  -.132047E+00  -.130917E+00
-.129779E+00  -.128633E+00  -.127480E+00  -.126323E+00
-.125161E+00  -.123995E+00  -.122828E+00  -.121659E+00
-.120490E+00  -.119321E+00  -.118153E+00  -.116988E+00
-.115825E+00  -.114665E+00  -.113509E+00  -.112358E+00
-.111212E+00  -.110071E+00  -.108937E+00  -.107809E+00
-.106687E+00  -.105573E+00  -.104466E+00  -.103366E+00
-.102275E+00  -.101191E+00  -.100115E+00  -.990468E-01
-.979867E-01  -.969346E-01  -.958903E-01  -.948536E-01
-.938245E-01  -.928027E-01  -.917879E-01  -.907800E-01
-.897785E-01  -.887833E-01  -.877939E-01  -.868100E-01
-.858312E-01  -.848573E-01  -.838878E-01  -.829224E-01
-.819607E-01  -.810025E-01  -.800475E-01  -.790953E-01
-.781459E-01  -.771989E-01  -.762542E-01  -.753118E-01
-.743715E-01  -.734334E-01  -.724974E-01  -.715636E-01
-.706321E-01  -.697031E-01  -.687768E-01  -.678533E-01
-.669329E-01  -.660159E-01  -.651026E-01  -.641933E-01
-.632883E-01  -.623880E-01  -.614926E-01  -.606026E-01
-.597183E-01  -.588400E-01  -.579680E-01  -.571028E-01
-.562445E-01  -.553936E-01  -.545502E-01  -.537146E-01
-.528871E-01  -.520679E-01  -.512572E-01  -.504551E-01
-.496619E-01  -.488777E-01  -.481026E-01  -.473367E-01
-.465800E-01  -.458328E-01  -.450950E-01  -.443666E-01
-.436476E-01  -.429382E-01  -.422381E-01  -.415476E-01
-.408663E-01  -.401945E-01  -.395319E-01  -.388785E-01
-.382342E-01  -.375990E-01  -.369727E-01  -.363552E-01
-.357465E-01  -.351463E-01  -.345546E-01  -.339711E-01
-.333959E-01  -.328287E-01  -.322695E-01  -.317179E-01
-.311739E-01  -.306373E-01  -.301080E-01  -.295857E-01
-.290703E-01  -.285617E-01  -.280595E-01  -.275638E-01
-.270741E-01  -.265905E-01  -.261126E-01  -.256403E-01
-.251734E-01  -.247117E-01  -.242549E-01  -.238030E-01
-.233556E-01  -.229126E-01  -.224738E-01  -.220390E-01
-.216079E-01  -.211804E-01  -.207563E-01  -.203354E-01
-.199174E-01  -.195023E-01  -.190898E-01  -.186798E-01
-.182720E-01  -.178664E-01  -.174628E-01  -.170610E-01
-.166610E-01  -.162627E-01  -.158658E-01  -.154705E-01
-.150766E-01  -.146842E-01  -.142931E-01  -.139035E-01
-.135154E-01  -.131289E-01  -.127440E-01  -.123609E-01
-.119798E-01  -.116008E-01  -.112243E-01  -.108503E-01
-.104792E-01  -.101113E-01  -.974697E-02  -.938646E-02
-.903017E-02  -.867845E-02  -.833173E-02  -.799035E-02
-.765474E-02  -.732525E-02  -.700231E-02  -.668623E-02
-.637743E-02  -.607619E-02  -.578285E-02  -.549768E-02
-.522092E-02  -.495283E-02  -.469355E-02  -.444325E-02
-.420202E-02  -.396995E-02  -.374705E-02  -.353334E-02
-.332875E-02  -.313324E-02  -.294668E-02  -.276893E-02
-.259984E-02  -.243922E-02  -.228684E-02  -.214250E-02
-.200593E-02  -.187689E-02  -.175510E-02  -.164028E-02
-.153216E-02  -.143045E-02  -.133486E-02  -.124512E-02
-.116093E-02  -.108202E-02  -.100811E-02  -.938945E-03
-.874262E-03  -.813805E-03  -.757339E-03  -.704624E-03
-.655443E-03  -.609577E-03  -.566825E-03  -.526991E-03
-.489891E-03  -.455348E-03  -.423201E-03  -.393287E-03
-.365463E-03  -.339586E-03  -.315529E-03  -.293165E-03
 dens    AG         440   1.1000000       5.5000000    
0.222401E+02  0.218687E+02  0.215035E+02  0.211443E+02
0.207912E+02  0.204440E+02  0.201025E+02  0.197668E+02
0.194367E+02  0.191121E+02  0.187929E+02  0.184790E+02
0.181704E+02  0.178669E+02  0.175685E+02  0.172751E+02
0.169866E+02  0.167029E+02  0.164240E+02  0.161497E+02
0.158799E+02  0.156147E+02  0.153540E+02  0.150975E+02
0.148454E+02  0.145975E+02  0.143537E+02  0.141139E+02
0.138782E+02  0.136464E+02  0.134185E+02  0.131944E+02
0.129741E+02  0.127574E+02  0.125443E+02  0.123348E+02
0.121288E+02  0.119263E+02  0.117271E+02  0.115312E+02
0.113386E+02  0.111493E+02  0.109631E+02  0.107800E+02
0.105999E+02  0.104229E+02  0.102488E+02  0.100777E+02
0.990937E+01  0.974387E+01  0.958113E+01  0.942112E+01
0.926378E+01  0.910907E+01  0.895693E+01  0.880734E+01
0.866025E+01  0.851562E+01  0.837340E+01  0.823355E+01
0.809605E+01  0.796083E+01  0.782788E+01  0.769715E+01
0.756860E+01  0.744219E+01  0.731790E+01  0.719568E+01
0.707551E+01  0.695734E+01  0.684115E+01  0.672689E+01
0.661455E+01  0.650408E+01  0.639545E+01  0.628864E+01
0.618361E+01  0.608034E+01  0.597879E+01  0.587894E+01
0.578076E+01  0.568422E+01  0.558928E+01  0.549593E+01
0.540415E+01  0.531389E+01  0.522515E+01  0.513788E+01
0.505207E+01  0.496770E+01  0.488473E+01  0.480315E+01
0.472294E+01  0.464406E+01  0.456650E+01  0.449023E+01
0.441524E+01  0.434150E+01  0.426899E+01  0.419770E+01
0.412759E+01  0.405866E+01  0.399087E+01  0.392422E+01
0.385868E+01  0.379424E+01  0.373087E+01  0.366856E+01
0.360729E+01  0.354705E+01  0.348781E+01  0.342956E+01
0.337228E+01  0.331596E+01  0.326058E+01  0.320613E+01
0.315258E+01  0.309993E+01  0.304816E+01  0.299725E+01
0.294719E+01  0.289797E+01  0.284957E+01  0.280198E+01
0.275519E+01  0.270917E+01  0.266393E+01  0.261944E+01
0.257569E+01  0.253267E+01  0.249037E+01  0.244878E+01
0.240788E+01  0.236767E+01  0.232813E+01  0.228925E+01
0.225101E+01  0.221342E+01  0.217645E+01  0.214010E+01
0.210436E+01  0.206922E+01  0.203466E+01  0.200068E+01
0.196727E+01  0.193441E+01  0.190210E+01  0.187034E+01
0.183910E+01  0.180839E+01  0.177818E+01  0.174849E+01
0.171928E+01  0.169057E+01  0.166234E+01  0.163457E+01
0.160727E+01  0.158043E+01  0.155404E+01  0.152808E+01
0.150256E+01  0.147747E+01  0.145279E+01  0.142853E+01
0.140467E+01  0.138121E+01  0.135814E+01  0.133546E+01
0.131316E+01  0.129123E+01  0.126966E+01  0.124846E+01
0.122761E+01  0.120711E+01  0.118695E+01  0.116712E+01
0.114763E+01  0.112846E+01  0.110962E+01  0.109109E+01
0.107286E+01  0.105494E+01  0.103733E+01  0.102000E+01
0.100297E+01  0.986216E+00  0.969746E+00  0.953550E+00
0.937625E+00  0.921965E+00  0.906568E+00  0.891427E+00
0.876539E+00  0.861900E+00  0.847506E+00  0.833351E+00
0.819434E+00  0.805748E+00  0.792292E+00  0.779059E+00
0.766048E+00  0.753255E+00  0.740675E+00  0.728305E+00
0.716141E+00  0.704181E+00  0.692420E+00  0.680856E+00
0.669485E+00  0.658304E+00  0.647310E+00  0.636499E+00
0.625869E+00  0.615416E+00  0.605138E+00  0.595032E+00
0.585094E+00  0.575322E+00  0.565714E+00  0.556266E+00
0.546976E+00  0.537841E+00  0.528858E+00  0.520026E+00
0.511341E+00  0.502801E+00  0.494404E+00  0.486147E+00
0.478027E+00  0.470044E+00  0.462194E+00  0.454474E+00
0.446884E+00  0.439421E+00  0.432082E+00  0.424866E+00
0.417770E+00  0.410793E+00  0.403932E+00  0.397186E+00
0.390553E+00  0.384030E+00  0.377617E+00  0.371310E+00
0.365109E+00  0.359011E+00  0.353015E+00  0.347119E+00
0.341322E+00  0.335622E+00  0.330016E+00  0.324505E+00
0.319085E+00  0.313756E+00  0.308516E+00  0.303363E+00
0.298297E+00  0.293315E+00  0.288416E+00  0.283599E+00
0.278863E+00  0.274205E+00  0.269626E+00  0.265122E+00
0.260694E+00  0.256340E+00  0.252059E+00  0.247849E+00
0.243710E+00  0.239639E+00  0.235637E+00  0.231701E+00
0.227831E+00  0.224025E+00  0.220283E+00  0.216604E+00
0.212986E+00  0.209428E+00  0.205930E+00  0.202490E+00
0.199107E+00  0.195781E+00  0.192510E+00  0.189294E+00
0.186131E+00  0.183022E+00  0.179964E+00  0.176956E+00
0.173999E+00  0.171092E+00  0.168232E+00  0.165420E+00
0.162655E+00  0.159936E+00  0.157262E+00  0.154633E+00
0.152047E+00  0.149504E+00  0.147003E+00  0.144543E+00
0.142125E+00  0.139746E+00  0.137406E+00  0.135106E+00
0.132843E+00  0.130617E+00  0.128428E+00  0.126275E+00
0.124157E+00  0.122074E+00  0.120025E+00  0.118009E+00
0.116026E+00  0.114076E+00  0.112156E+00  0.110268E+00
0.108410E+00  0.106582E+00  0.104783E+00  0.103013E+00
0.101271E+00  0.995564E-01  0.978687E-01  0.962073E-01
0.945717E-01  0.929613E-01  0.913757E-01  0.898141E-01
0.882762E-01  0.867611E-01  0.852687E-01  0.837981E-01
0.823489E-01  0.809204E-01  0.795123E-01  0.781238E-01
0.767545E-01  0.754038E-01  0.740712E-01  0.727560E-01
0.714578E-01  0.701759E-01  0.689098E-01  0.676590E-01
0.664229E-01  0.652008E-01  0.639923E-01  0.627968E-01
0.616137E-01  0.604425E-01  0.592825E-01  0.581334E-01
0.569943E-01  0.558650E-01  0.547447E-01  0.536330E-01
0.525293E-01  0.514333E-01  0.503442E-01  0.492618E-01
0.481856E-01  0.471151E-01  0.460499E-01  0.449898E-01
0.439343E-01  0.428832E-01  0.418363E-01  0.407934E-01
0.397543E-01  0.387191E-01  0.376876E-01  0.366600E-01
0.356364E-01  0.346169E-01  0.336018E-01  0.325915E-01
0.315865E-01  0.305871E-01  0.295940E-01  0.286079E-01
0.276294E-01  0.266593E-01  0.256985E-01  0.247479E-01
0.238085E-01  0.228811E-01  0.219668E-01  0.210667E-01
0.201818E-01  0.193131E-01  0.184616E-01  0.176282E-01
0.168140E-01  0.160198E-01  0.152464E-01  0.144945E-01
0.137648E-01  0.130580E-01  0.123744E-01  0.117144E-01
0.110784E-01  0.104666E-01  0.987891E-02  0.931547E-02
0.877608E-02  0.826060E-02  0.776874E-02  0.730012E-02
0.685431E-02  0.643084E-02  0.602910E-02  0.564856E-02
0.528850E-02  0.494829E-02  0.462719E-02  0.432449E-02
0.403944E-02  0.377129E-02  0.351927E-02  0.328267E-02
0.306070E-02  0.285266E-02  0.265781E-02  0.247545E-02
0.230492E-02  0.214553E-02  0.199666E-02  0.185768E-02
0.172802E-02  0.160710E-02  0.149439E-02  0.138937E-02
0.129156E-02  0.120049E-02  0.111573E-02  0.103687E-02
0.963513E-03  0.895291E-03  0.831865E-03  0.772904E-03
 embe  AG        2000   0.0000000       20.000000    
-.303076E-02  -.605811E-02  -.908210E-02  -.121027E-01
-.151200E-01  -.181339E-01  -.211444E-01  -.241516E-01
-.271555E-01  -.301559E-01  -.331531E-01  -.361468E-01
-.391373E-01  -.421243E-01  -.451081E-01  -.480885E-01
-.510655E-01  -.540392E-01  -.570096E-01  -.599766E-01
-.629403E-01  -.659007E-01  -.688577E-01  -.718114E-01
-.747618E-01  -.777089E-01  -.806526E-01  -.835930E-01
-.865301E-01  -.894638E-01  -.923943E-01  -.953214E-01
-.982452E-01  -.101166E+00  -.104083E+00  -.106997E+00
-.109907E+00  -.112815E+00  -.115719E+00  -.118619E+00
-.121517E+00  -.124411E+00  -.127302E+00  -.130189E+00
-.133073E+00  -.135954E+00  -.138832E+00  -.141706E+00
-.144577E+00  -.147445E+00  -.150309E+00  -.153171E+00
-.156029E+00  -.158883E+00  -.161735E+00  -.164583E+00
-.167428E+00  -.170269E+00  -.173107E+00  -.175942E+00
-.178774E+00  -.181603E+00  -.184428E+00  -.187250E+00
-.190069E+00  -.192884E+00  -.195696E+00  -.198505E+00
-.201311E+00  -.204113E+00  -.206913E+00  -.209709E+00
-.212501E+00  -.215291E+00  -.218077E+00  -.220860E+00
-.223640E+00  -.226416E+00  -.229190E+00  -.231960E+00
-.234727E+00  -.237490E+00  -.240251E+00  -.243008E+00
-.245762E+00  -.248512E+00  -.251260E+00  -.254004E+00
-.256745E+00  -.259483E+00  -.262218E+00  -.264949E+00
-.267678E+00  -.270403E+00  -.273124E+00  -.275843E+00
-.278558E+00  -.281271E+00  -.283980E+00  -.286686E+00
-.289388E+00  -.292088E+00  -.294784E+00  -.297477E+00
-.300167E+00  -.302853E+00  -.305537E+00  -.308217E+00
-.310895E+00  -.313568E+00  -.316239E+00  -.318907E+00
-.321571E+00  -.324233E+00  -.326891E+00  -.329546E+00
-.332197E+00  -.334846E+00  -.337492E+00  -.340134E+00
-.342773E+00  -.345409E+00  -.348042E+00  -.350671E+00
-.353298E+00  -.355921E+00  -.358542E+00  -.361159E+00
-.363773E+00  -.366383E+00  -.368991E+00  -.371595E+00
-.374197E+00  -.376795E+00  -.379390E+00  -.381982E+00
-.384571E+00  -.387157E+00  -.389739E+00  -.392319E+00
-.394895E+00  -.397468E+00  -.400038E+00  -.402605E+00
-.405169E+00  -.407730E+00  -.410288E+00  -.412842E+00
-.415394E+00  -.417942E+00  -.420487E+00  -.423029E+00
-.425568E+00  -.428104E+00  -.430637E+00  -.433166E+00
-.435693E+00  -.438217E+00  -.440737E+00  -.443254E+00
-.445769E+00  -.448280E+00  -.450788E+00  -.453293E+00
-.455795E+00  -.458293E+00  -.460789E+00  -.463282E+00
-.465771E+00  -.468258E+00  -.470741E+00  -.473222E+00
-.475699E+00  -.478173E+00  -.480645E+00  -.483113E+00
-.485578E+00  -.488040E+00  -.490499E+00  -.492955E+00
-.495408E+00  -.497857E+00  -.500304E+00  -.502748E+00
-.505188E+00  -.507626E+00  -.510061E+00  -.512492E+00
-.514921E+00  -.517346E+00  -.519768E+00  -.522188E+00
-.524604E+00  -.527018E+00  -.529428E+00  -.531835E+00
-.534239E+00  -.536641E+00  -.539039E+00  -.541434E+00
-.543826E+00  -.546215E+00  -.548601E+00  -.550985E+00
-.553365E+00  -.555742E+00  -.558116E+00  -.560487E+00
-.562855E+00  -.565220E+00  -.567582E+00  -.569941E+00
-.572297E+00  -.574650E+00  -.577000E+00  -.579348E+00
-.581692E+00  -.584033E+00  -.586371E+00  -.588706E+00
-.591038E+00  -.593368E+00  -.595694E+00  -.598017E+00
-.600337E+00  -.602655E+00  -.604969E+00  -.607280E+00
-.609589E+00  -.611894E+00  -.614196E+00  -.616496E+00
-.618792E+00  -.621086E+00  -.623377E+00  -.625664E+00
-.627949E+00  -.630231E+00  -.632510E+00  -.634785E+00
-.637058E+00  -.639328E+00  -.641595E+00  -.643859E+00
-.646121E+00  -.648379E+00  -.650634E+00  -.652886E+00
-.655136E+00  -.657382E+00  -.659626E+00  -.661866E+00
-.664104E+00  -.666339E+00  -.668570E+00  -.670799E+00
-.673025E+00  -.675248E+00  -.677469E+00  -.679686E+00
-.681900E+00  -.684112E+00  -.686320E+00  -.688526E+00
-.690728E+00  -.692928E+00  -.695125E+00  -.697319E+00
-.699510E+00  -.701698E+00  -.703884E+00  -.706066E+00
-.708246E+00  -.710422E+00  -.712596E+00  -.714767E+00
-.716935E+00  -.719100E+00  -.721262E+00  -.723421E+00
-.725578E+00  -.727731E+00  -.729882E+00  -.732030E+00
-.734175E+00  -.736317E+00  -.738456E+00  -.740593E+00
-.742726E+00  -.744857E+00  -.746985E+00  -.749110E+00
-.751232E+00  -.753351E+00  -.755467E+00  -.757581E+00
-.759691E+00  -.761799E+00  -.763904E+00  -.766006E+00
-.768106E+00  -.770202E+00  -.772296E+00  -.774387E+00
-.776474E+00  -.778560E+00  -.780642E+00  -.782721E+00
-.784798E+00  -.786872E+00  -.788943E+00  -.791011E+00
-.793076E+00  -.795139E+00  -.797198E+00  -.799255E+00
-.801309E+00  -.803361E+00  -.805409E+00  -.807455E+00
-.809498E+00  -.811538E+00  -.813575E+00  -.815609E+00
-.817641E+00  -.819670E+00  -.821696E+00  -.823719E+00
-.825739E+00  -.827757E+00  -.829772E+00  -.831784E+00
-.833793E+00  -.835800E+00  -.837804E+00  -.839805E+00
-.841803E+00  -.843798E+00  -.845791E+00  -.847781E+00
-.849768E+00  -.851752E+00  -.853733E+00  -.855712E+00
-.857688E+00  -.859662E+00  -.861632E+00  -.863600E+00
-.865565E+00  -.867527E+00  -.869486E+00  -.871443E+00
-.873397E+00  -.875348E+00  -.877297E+00  -.879242E+00
-.881185E+00  -.883126E+00  -.885063E+00  -.886998E+00
-.888930E+00  -.890859E+00  -.892786E+00  -.894710E+00
-.896631E+00  -.898549E+00  -.900465E+00  -.902378E+00
-.904288E+00  -.906195E+00  -.908100E+00  -.910002E+00
-.911902E+00  -.913798E+00  -.915692E+00  -.917583E+00
-.919472E+00  -.921358E+00  -.923241E+00  -.925121E+00
-.926999E+00  -.928874E+00  -.930746E+00  -.932616E+00
-.934482E+00  -.936347E+00  -.938208E+00  -.940067E+00
-.941923E+00  -.943777E+00  -.945627E+00  -.947475E+00
-.949321E+00  -.951164E+00  -.953004E+00  -.954841E+00
-.956676E+00  -.958508E+00  -.960337E+00  -.962164E+00
-.963988E+00  -.965809E+00  -.967628E+00  -.969444E+00
-.971257E+00  -.973068E+00  -.974876E+00  -.976682E+00
-.978484E+00  -.980285E+00  -.982082E+00  -.983877E+00
-.985669E+00  -.987459E+00  -.989246E+00  -.991030E+00
-.992811E+00  -.994590E+00  -.996367E+00  -.998141E+00
-.999912E+00  -.100168E+01  -.100345E+01  -.100521E+01
-.100697E+01  -.100873E+01  -.101048E+01  -.101224E+01
-.101399E+01  -.101573E+01  -.101748E+01  -.101922E+01
-.102096E+01  -.102270E+01  -.102443E+01  -.102616E+01
-.102789E+01  -.102962E+01  -.103134E+01  -.103307E+01
-.103478E+01  -.103650E+01  -.103821E+01  -.103992E+01
-.104163E+01  -.104334E+01  -.104504E+01  -.104674E+01
-.104844E+01  -.105014E+01  -.105183E+01  -.105352E+01
-.105521E+01  -.105689E+01  -.105858E+01  -.106026E+01
-.106193E+01  -.106361E+01  -.106528E+01  -.106695E+01
-.106862E+01  -.107028E+01  -.107195E+01  -.107361E+01
-.107526E+01  -.107692E+01  -.107857E+01  -.108022E+01
-.108187E+01  -.108351E+01  -.108515E+01  -.108679E+01
-.108843E+01  -.109006E+01  -.109169E+01  -.109332E+01
-.109495E+01  -.109657E+01  -.109820E+01  -.109981E+01
-.110143E+01  -.110304E+01  -.110466E+01  -.110627E+01
-.110787E+01  -.110948E+01  -.111108E+01  -.111268E+01
-.111427E+01  -.111587E+01  -.111746E+01  -.111905E+01
-.112063E+01  -.112222E+01  -.112380E+01  -.112538E+01
-.112695E+01  -.112853E+01  -.113010E+01  -.113167E+01
-.113323E+01  -.113480E+01  -.113636E+01  -.113792E+01
-.113947E+01  -.114103E+01  -.114258E+01  -.114413E+01
-.114568E+01  -.114722E+01  -.114876E+01  -.115030E+01
-.115184E+01  -.115337E+01  -.115490E+01  -.115643E+01
-.115796E+01  -.115948E+01  -.116101E+01  -.116252E+01
-.116404E+01  -.116556E+01  -.116707E+01  -.116858E+01
-.117008E+01  -.117159E+01  -.117309E+01  -.117459E+01
-.117609E+01  -.117758E+01  -.117908E+01  -.118057E+01
-.118205E+01  -.118354E+01  -.118502E+01  -.118650E+01
-.118798E+01  -.118946E+01  -.119093E+01  -.119240E+01
-.119387E+01  -.119533E+01  -.119680E+01  -.119826E+01
-.119972E+01  -.120117E+01  -.120263E+01  -.120408E+01
-.120553E+01  -.120697E+01  -.120842E+01  -.120986E+01
-.121130E+01  -.121274E+01  -.121417E+01  -.121560E+01
-.121703E+01  -.121846E+01  -.121989E+01  -.122131E+01
-.122273E+01  -.122415E+01  -.122556E+01  -.122697E+01
-.122839E+01  -.122979E+01  -.123120E+01  -.123260E+01
-.123400E+01  -.123540E+01  -.123680E+01  -.123819E+01
-.123959E+01  -.124098E+01  -.124236E+01  -.124375E+01
-.124513E+01  -.124651E+01  -.124789E+01  -.124926E+01
-.125064E+01  -.125201E+01  -.125337E+01  -.125474E+01
-.125610E+01  -.125747E+01  -.125882E+01  -.126018E+01
-.126153E+01  -.126289E+01  -.126424E+01  -.126558E+01
-.126693E+01  -.126827E+01  -.126961E+01  -.127095E+01
-.127228E+01  -.127362E+01  -.127495E+01  -.127628E+01
-.127760E+01  -.127893E+01  -.128025E+01  -.128157E+01
-.128289E+01  -.128420E+01  -.128551E+01  -.128682E+01
-.128813E+01  -.128944E+01  -.129074E+01  -.129204E+01
-.129334E+01  -.129464E+01  -.129593E+01  -.129722E+01
-.129851E+01  -.129980E+01  -.130109E+01  -.130237E+01
-.130365E+01  -.130493E+01  -.130620E+01  -.130748E+01
-.130875E+01  -.131002E+01  -.131128E+01  -.131255E+01
-.131381E+01  -.131507E+01  -.131633E+01  -.131758E+01
-.131884E+01  -.132009E+01  -.132134E+01  -.132258E+01
-.132383E+01  -.132507E+01  -.132631E+01  -.132755E+01
-.132878E+01  -.133001E+01  -.133125E+01  -.133247E+01
-.133370E+01  -.133492E+01  -.133615E+01  -.133737E+01
-.133858E+01  -.133980E+01  -.134101E+01  -.134222E+01
-.134343E+01  -.134464E+01  -.134584E+01  -.134704E+01
-.134824E+01  -.134944E+01  -.135064E+01  -.135183E+01
-.135302E+01  -.135421E+01  -.135539E+01  -.135658E+01
-.135776E+01  -.135894E+01  -.136012E+01  -.136129E+01
-.136247E+01  -.136364E+01  -.136481E+01  -.136597E+01
-.136714E+01  -.136830E+01  -.136946E+01  -.137062E+01
-.137177E+01  -.137293E+01  -.137408E+01  -.137523E+01
-.137637E+01  -.137752E+01  -.137866E+01  -.137980E+01
-.138094E+01  -.138208E+01  -.138321E+01  -.138434E+01
-.138547E+01  -.138660E+01  -.138772E+01  -.138885E+01
-.138997E+01  -.139109E+01  -.139220E+01  -.139332E+01
-.139443E+01  -.139554E+01  -.139665E+01  -.139776E+01
-.139886E+01  -.139996E+01  -.140106E+01  -.140216E+01
-.140325E+01  -.140435E+01  -.140544E+01  -.140653E+01
-.140762E+01  -.140870E+01  -.140978E+01  -.141086E+01
-.141194E+01  -.141302E+01  -.141409E+01  -.141516E+01
-.141623E+01  -.141730E+01  -.141837E+01  -.141943E+01
-.142049E+01  -.142155E+01  -.142261E+01  -.142367E+01
-.142472E+01  -.142577E+01  -.142682E+01  -.142787E+01
-.142891E+01  -.142995E+01  -.143099E+01  -.143203E+01
-.143307E+01  -.143410E+01  -.143514E+01  -.143617E+01
-.143719E+01  -.143822E+01  -.143924E+01  -.144027E+01
-.144129E+01  -.144230E+01  -.144332E+01  -.144433E+01
-.144534E+01  -.144635E+01  -.144736E+01  -.144837E+01
-.144937E+01  -.145037E+01  -.145137E+01  -.145237E+01
-.145336E+01  -.145436E+01  -.145535E+01  -.145634E+01
-.145732E+01  -.145831E+01  -.145929E+01  -.146027E+01
-.146125E+01  -.146223E+01  -.146320E+01  -.146418E+01
-.146515E+01  -.146612E+01  -.146708E+01  -.146805E+01
-.146901E+01  -.146997E+01  -.147093E+01  -.147189E+01
-.147284E+01  -.147379E+01  -.147474E+01  -.147569E+01
-.147664E+01  -.147758E+01  -.147853E+01  -.147947E+01
-.148041E+01  -.148134E+01  -.148228E+01  -.148321E+01
-.148414E+01  -.148507E+01  -.148600E+01  -.148692E+01
-.148784E+01  -.148877E+01  -.148968E+01  -.149060E+01
-.149152E+01  -.149243E+01  -.149334E+01  -.149425E+01
-.149516E+01  -.149606E+01  -.149696E+01  -.149786E+01
-.149876E+01  -.149966E+01  -.150056E+01  -.150145E+01
-.150234E+01  -.150323E+01  -.150412E+01  -.150500E+01
-.150589E+01  -.150677E+01  -.150765E+01  -.150853E+01
-.150940E+01  -.151027E+01  -.151115E+01  -.151202E+01
-.151288E+01  -.151375E+01  -.151461E+01  -.151548E+01
-.151634E+01  -.151720E+01  -.151805E+01  -.151891E+01
-.151976E+01  -.152061E+01  -.152146E+01  -.152230E+01
-.152315E+01  -.152399E+01  -.152483E+01  -.152567E+01
-.152651E+01  -.152735E+01  -.152818E+01  -.152901E+01
-.152984E+01  -.153067E+01  -.153149E+01  -.153232E+01
-.153314E+01  -.153396E+01  -.153478E+01  -.153560E+01
-.153641E+01  -.153722E+01  -.153803E+01  -.153884E+01
-.153965E+01  -.154045E+01  -.154126E+01  -.154206E+01
-.154286E+01  -.154366E+01  -.154445E+01  -.154525E+01
-.154604E+01  -.154683E+01  -.154762E+01  -.154840E+01
-.154919E+01  -.154997E+01  -.155075E+01  -.155153E+01
-.155231E+01  -.155308E+01  -.155386E+01  -.155463E+01
-.155540E+01  -.155617E+01  -.155693E+01  -.155770E+01
-.155846E+01  -.155922E+01  -.155998E+01  -.156074E+01
-.156149E+01  -.156225E+01  -.156300E+01  -.156375E+01
-.156450E+01  -.156524E+01  -.156599E+01  -.156673E+01
-.156747E+01  -.156821E+01  -.156894E+01  -.156968E+01
-.157041E+01  -.157114E+01  -.157187E+01  -.157260E+01
-.157333E+01  -.157405E+01  -.157478E+01  -.157550E+01
-.157622E+01  -.157693E+01  -.157765E+01  -.157836E+01
-.157907E+01  -.157978E+01  -.158049E+01  -.158120E+01
-.158190E+01  -.158261E+01  -.158331E+01  -.158401E+01
-.158471E+01  -.158540E+01  -.158610E+01  -.158679E+01
-.158748E+01  -.158817E+01  -.158885E+01  -.158954E+01
-.159022E+01  -.159091E+01  -.159159E+01  -.159226E+01
-.159294E+01  -.159362E+01  -.159429E+01  -.159496E+01
-.159563E+01  -.159630E+01  -.159696E+01  -.159763E+01
-.159829E+01  -.159895E+01  -.159961E+01  -.160027E+01
-.160092E+01  -.160158E+01  -.160223E+01  -.160288E+01
-.160353E+01  -.160418E+01  -.160482E+01  -.160547E+01
-.160611E+01  -.160675E+01  -.160739E+01  -.160802E+01
-.160866E+01  -.160929E+01  -.160992E+01  -.161055E+01
-.161118E+01  -.161181E+01  -.161243E+01  -.161306E+01
-.161368E+01  -.161430E+01  -.161492E+01  -.161553E+01
-.161615E+01  -.161676E+01  -.161737E+01  -.161798E+01
-.161859E+01  -.161920E+01  -.161980E+01  -.162040E+01
-.162100E+01  -.162160E+01  -.162220E+01  -.162280E+01
-.162339E+01  -.162399E+01  -.162458E+01  -.162517E+01
-.162576E+01  -.162634E+01  -.162693E+01  -.162751E+01
-.162809E+01  -.162867E+01  -.162925E+01  -.162983E+01
-.163040E+01  -.163097E+01  -.163154E+01  -.163211E+01
-.163268E+01  -.163325E+01  -.163381E+01  -.163438E+01
-.163494E+01  -.163550E+01  -.163606E+01  -.163662E+01
-.163717E+01  -.163772E+01  -.163828E+01  -.163883E+01
-.163938E+01  -.163992E+01  -.164047E+01  -.164101E+01
-.164155E+01  -.164209E+01  -.164263E+01  -.164317E+01
-.164371E+01  -.164424E+01  -.164477E+01  -.164531E+01
-.164583E+01  -.164636E+01  -.164689E+01  -.164741E+01
-.164794E+01  -.164846E+01  -.164898E+01  -.164950E+01
-.165001E+01  -.165053E+01  -.165104E+01  -.165155E+01
-.165207E+01  -.165257E+01  -.165308E+01  -.165359E+01
-.165409E+01  -.165459E+01  -.165510E+01  -.165559E+01
-.165609E+01  -.165659E+01  -.165708E+01  -.165758E+01
-.165807E+01  -.165856E+01  -.165905E+01  -.165954E+01
-.166002E+01  -.166050E+01  -.166099E+01  -.166147E+01
-.166195E+01  -.166243E+01  -.166290E+01  -.166338E+01
-.166385E+01  -.166432E+01  -.166479E+01  -.166526E+01
-.166573E+01  -.166619E+01  -.166666E+01  -.166712E+01
-.166758E+01  -.166804E+01  -.166850E+01  -.166896E+01
-.166941E+01  -.166986E+01  -.167032E+01  -.167077E+01
-.167122E+01  -.167166E+01  -.167211E+01  -.167255E+01
-.167300E+01  -.167344E+01  -.167388E+01  -.167432E+01
-.167475E+01  -.167519E+01  -.167562E+01  -.167606E+01
-.167649E+01  -.167692E+01  -.167734E+01  -.167777E+01
-.167820E+01  -.167862E+01  -.167904E+01  -.167946E+01
-.167988E+01  -.168030E+01  -.168072E+01  -.168113E+01
-.168155E+01  -.168196E+01  -.168237E+01  -.168278E+01
-.168318E+01  -.168359E+01  -.168400E+01  -.168440E+01
-.168480E+01  -.168520E+01  -.168560E+01  -.168600E+01
-.168639E+01  -.168679E+01  -.168718E+01  -.168757E+01
-.168796E+01  -.168835E+01  -.168874E+01  -.168913E+01
-.168951E+01  -.168989E+01  -.169028E+01  -.169066E+01
-.169103E+01  -.169141E+01  -.169179E+01  -.169216E+01
-.169254E+01  -.169291E+01  -.169328E+01  -.169365E+01
-.169402E+01  -.169438E+01  -.169475E+01  -.169511E+01
-.169547E+01  -.169583E+01  -.169619E+01  -.169655E+01
-.169691E+01  -.169726E+01  -.169762E+01  -.169797E+01
-.169832E+01  -.169867E+01  -.169902E+01  -.169936E+01
-.169971E+01  -.170005E+01  -.170039E+01  -.170074E+01
-.170108E+01  -.170141E+01  -.170175E+01  -.170209E+01
-.170242E+01  -.170276E+01  -.170309E+01  -.170342E+01
-.170375E+01  -.170407E+01  -.170440E+01  -.170473E+01
-.170505E+01  -.170537E+01  -.170569E+01  -.170601E+01
-.170633E+01  -.170665E+01  -.170696E+01  -.170728E+01
-.170759E+01  -.170790E+01  -.170821E+01  -.170852E+01
-.170883E+01  -.170913E+01  -.170944E+01  -.170974E+01
-.171005E+01  -.171035E+01  -.171065E+01  -.171094E+01
-.171124E+01  -.171154E+01  -.171183E+01  -.171212E+01
-.171242E+01  -.171271E+01  -.171300E+01  -.171328E+01
-.171357E+01  -.171386E+01  -.171414E+01  -.171442E+01
-.171470E+01  -.171498E+01  -.171526E+01  -.171554E+01
-.171582E+01  -.171609E+01  -.171637E+01  -.171664E+01
-.171691E+01  -.171718E+01  -.171745E+01  -.171772E+01
-.171798E+01  -.171825E+01  -.171851E+01  -.171877E+01
-.171903E+01  -.171929E+01  -.171955E+01  -.171981E+01
-.172006E+01  -.172032E+01  -.172057E+01  -.172082E+01
-.172108E+01  -.172133E+01  -.172157E+01  -.172182E+01
-.172207E+01  -.172231E+01  -.172255E+01  -.172280E+01
-.172304E+01  -.172328E+01  -.172352E+01  -.172375E+01
-.172399E+01  -.172422E+01  -.172446E+01  -.172469E+01
-.172492E+01  -.172515E+01  -.172538E+01  -.172561E+01
-.172583E+01  -.172606E+01  -.172628E+01  -.172651E+01
-.172673E+01  -.172695E+01  -.172717E+01  -.172739E+01
-.172760E+01  -.172782E+01  -.172803E+01  -.172824E+01
-.172846E+01  -.172867E+01  -.172888E+01  -.172908E+01
-.172929E+01  -.172950E+01  -.172970E+01  -.172991E+01
-.173011E+01  -.173031E+01  -.173051E+01  -.173071E+01
-.173091E+01  -.173110E+01  -.173130E+01  -.173149E+01
-.173169E+01  -.173188E+01  -.173207E+01  -.173226E+01
-.173245E+01  -.173263E+01  -.173282E+01  -.173301E+01
-.173319E+01  -.173337E+01  -.173355E+01  -.173373E+01
-.173391E+01  -.173409E+01  -.173427E+01  -.173444E+01
-.173462E+01  -.173479E+01  -.173497E+01  -.173514E+01
-.173531E+01  -.173548E+01  -.173564E+01  -.173581E+01
-.173598E+01  -.173614E+01  -.173631E+01  -.173647E+01
-.173663E+01  -.173679E+01  -.173695E+01  -.173711E+01
-.173726E+01  -.173742E+01  -.173758E+01  -.173773E+01
-.173788E+01  -.173803E+01  -.173818E+01  -.173833E+01
-.173848E+01  -.173863E+01  -.173878E+01  -.173892E+01
-.173907E+01  -.173921E+01  -.173935E+01  -.173949E+01
-.173963E+01  -.173977E+01  -.173991E+01  -.174005E+01
-.174018E+01  -.174032E+01  -.174045E+01  -.174058E+01
-.174071E+01  -.174085E+01  -.174097E+01  -.174110E+01
-.174123E+01  -.174136E+01  -.174148E+01  -.174161E+01
-.174173E+01  -.174185E+01  -.174197E+01  -.174209E+01
-.174221E+01  -.174233E+01  -.174245E+01  -.174257E+01
-.174268E+01  -.174280E+01  -.174291E+01  -.174302E+01
-.174313E+01  -.174324E+01  -.174335E+01  -.174346E+01
-.174357E+01  -.174368E+01  -.174378E+01  -.174389E+01
-.174399E+01  -.174409E+01  -.174419E+01  -.174429E+01
-.174439E+01  -.174449E+01  -.174459E+01  -.174469E+01
-.174478E+01  -.174488E+01  -.174497E+01  -.174506E+01
-.174516E+01  -.174525E+01  -.174534E+01  -.174543E+01
-.174551E+01  -.174560E+01  -.174569E+01  -.174577E+01
-.174586E+01  -.174594E+01  -.174602E+01  -.174611E+01
-.174619E+01  -.174627E+01  -.174635E+01  -.174642E+01
-.174650E+01  -.174658E+01  -.174665E+01  -.174673E+01
-.174680E+01  -.174687E+01  -.174695E+01  -.174702E+01
-.174709E+01  -.174716E+01  -.174722E+01  -.174729E+01
-.174736E+01  -.174742E+01  -.174749E+01  -.174755E+01
-.174761E+01  -.174768E+01  -.174774E+01  -.174780E+01
-.174786E+01  -.174791E+01  -.174797E+01  -.174803E+01
-.174809E+01  -.174814E+01  -.174819E+01  -.174825E+01
-.174830E+01  -.174835E+01  -.174840E+01  -.174845E+01
-.174850E+01  -.174855E+01  -.174860E+01  -.174864E+01
-.174869E+01  -.174874E+01  -.174878E+01  -.174882E+01
-.174887E+01  -.174891E+01  -.174895E+01  -.174899E+01
-.174903E+01  -.174907E+01  -.174910E+01  -.174914E+01
-.174918E+01  -.174921E+01  -.174925E+01  -.174928E+01
-.174931E+01  -.174934E+01  -.174938E+01  -.174941E+01
-.174944E+01  -.174946E+01  -.174949E+01  -.174952E+01
-.174955E+01  -.174957E+01  -.174960E+01  -.174962E+01
-.174964E+01  -.174967E+01  -.174969E+01  -.174971E+01
-.174973E+01  -.174975E+01  -.174977E+01  -.174979E+01
-.174980E+01  -.174982E+01  -.174984E+01  -.174985E+01
-.174987E+01  -.174988E+01  -.174989E+01  -.174990E+01
-.174992E+01  -.174993E+01  -.174994E+01  -.174995E+01
-.174995E+01  -.174996E+01  -.174997E+01  -.174998E+01
-.174998E+01  -.174999E+01  -.174999E+01  -.174999E+01
-.175000E+01  -.175000E+01  -.175000E+01  -.175000E+01
-.175000E+01  -.175000E+01  -.175000E+01  -.175000E+01
-.174999E+01  -.174999E+01  -.174998E+01  -.174998E+01
-.174997E+01  -.174997E+01  -.174996E+01  -.174995E+01
-.174995E+01  -.174994E+01  -.174993E+01  -.174992E+01
-.174991E+01  -.174989E+01  -.174988E+01  -.174987E+01
-.174986E+01  -.174984E+01  -.174983E+01  -.174981E+01
-.174979E+01  -.174978E+01  -.174976E+01  -.174974E+01
-.174972E+01  -.174970E+01  -.174968E+01  -.174966E+01
-.174964E+01  -.174962E+01  -.174960E+01  -.174957E+01
-.174955E+01  -.174953E+01  -.174950E+01  -.174948E+01
-.174945E+01  -.174942E+01  -.174940E+01  -.174937E+01
-.174934E+01  -.174931E+01  -.174928E+01  -.174925E+01
-.174922E+01  -.174919E+01  -.174915E+01  -.174912E+01
-.174909E+01  -.174905E+01  -.174902E+01  -.174898E+01
-.174895E+01  -.174891E+01  -.174888E+01  -.174884E+01
-.174880E+01  -.174876E+01  -.174872E+01  -.174868E+01
-.174864E+01  -.174860E+01  -.174856E+01  -.174852E+01
-.174848E+01  -.174843E+01  -.174839E+01  -.174835E+01
-.174830E+01  -.174826E+01  -.174821E+01  -.174816E+01
-.174812E+01  -.174807E+01  -.174802E+01  -.174797E+01
-.174793E+01  -.174788E+01  -.174783E+01  -.174778E+01
-.174773E+01  -.174767E+01  -.174762E+01  -.174757E+01
-.174752E+01  -.174746E+01  -.174741E+01  -.174736E+01
-.174730E+01  -.174725E+01  -.174719E+01  -.174713E+01
-.174708E+01  -.174702E+01  -.174696E+01  -.174690E+01
-.174684E+01  -.174678E+01  -.174672E+01  -.174666E+01
-.174660E+01  -.174654E+01  -.174648E+01  -.174642E+01
-.174636E+01  -.174629E+01  -.174623E+01  -.174617E+01
-.174610E+01  -.174604E+01  -.174597E+01  -.174591E+01
-.174584E+01  -.174577E+01  -.174571E+01  -.174564E+01
-.174557E+01  -.174550E+01  -.174543E+01  -.174537E+01
-.174530E+01  -.174523E+01  -.174516E+01  -.174508E+01
-.174501E+01  -.174494E+01  -.174487E+01  -.174480E+01
-.174472E+01  -.174465E+01  -.174458E+01  -.174450E+01
-.174443E+01  -.174435E+01  -.174428E+01  -.174420E+01
-.174413E+01  -.174405E+01  -.174397E+01  -.174390E+01
-.174382E+01  -.174374E+01  -.174366E+01  -.174358E+01
-.174350E+01  -.174342E+01  -.174334E+01  -.174326E+01
-.174318E+01  -.174310E+01  -.174302E+01  -.174294E+01
-.174286E+01  -.174278E+01  -.174269E+01  -.174261E+01
-.174253E+01  -.174244E+01  -.174236E+01  -.174227E+01
-.174219E+01  -.174211E+01  -.174202E+01  -.174193E+01
-.174185E+01  -.174176E+01  -.174167E+01  -.174159E+01
-.174150E+01  -.174141E+01  -.174132E+01  -.174124E+01
-.174115E+01  -.174106E+01  -.174097E+01  -.174088E+01
-.174079E+01  -.174070E+01  -.174061E+01  -.174052E+01
-.174043E+01  -.174034E+01  -.174025E+01  -.174015E+01
-.174006E+01  -.173997E+01  -.173988E+01  -.173978E+01
-.173969E+01  -.173960E+01  -.173950E+01  -.173941E+01
-.173931E+01  -.173922E+01  -.173913E+01  -.173903E+01
-.173894E+01  -.173884E+01  -.173874E+01  -.173865E+01
-.173855E+01  -.173845E+01  -.173836E+01  -.173826E+01
-.173816E+01  -.173807E+01  -.173797E+01  -.173787E+01
-.173777E+01  -.173767E+01  -.173757E+01  -.173748E+01
-.173738E+01  -.173728E+01  -.173718E+01  -.173708E+01
-.173698E+01  -.173688E+01  -.173678E+01  -.173667E+01
-.173657E+01  -.173647E+01  -.173637E+01  -.173626E+01
-.173616E+01  -.173606E+01  -.173595E+01  -.173585E+01
-.173574E+01  -.173564E+01  -.173553E+01  -.173542E+01
-.173532E+01  -.173521E+01  -.173510E+01  -.173500E+01
-.173489E+01  -.173478E+01  -.173467E+01  -.173456E+01
-.173445E+01  -.173434E+01  -.173423E+01  -.173412E+01
-.173401E+01  -.173389E+01  -.173378E+01  -.173367E+01
-.173356E+01  -.173344E+01  -.173333E+01  -.173321E+01
-.173310E+01  -.173298E+01  -.173287E+01  -.173275E+01
-.173264E+01  -.173252E+01  -.173240E+01  -.173228E+01
-.173217E+01  -.173205E+01  -.173193E+01  -.173181E+01
-.173169E+01  -.173157E+01  -.173145E+01  -.173133E+01
-.173121E+01  -.173109E+01  -.173096E+01  -.173084E+01
-.173072E+01  -.173060E+01  -.173047E+01  -.173035E+01
-.173022E+01  -.173010E+01  -.172997E+01  -.172985E+01
-.172972E+01  -.172960E+01  -.172947E+01  -.172934E+01
-.172922E+01  -.172909E+01  -.172896E+01  -.172883E+01
-.172870E+01  -.172857E+01  -.172844E+01  -.172831E+01
-.172818E+01  -.172805E+01  -.172792E+01  -.172779E+01
-.172766E+01  -.172752E+01  -.172739E+01  -.172726E+01
-.172713E+01  -.172699E+01  -.172686E+01  -.172672E+01
-.172659E+01  -.172645E+01  -.172632E+01  -.172618E+01
-.172604E+01  -.172591E+01  -.172577E+01  -.172563E+01
-.172549E+01  -.172535E+01  -.172521E+01  -.172508E+01
-.172494E+01  -.172480E+01  -.172466E+01  -.172451E+01
-.172437E+01  -.172423E+01  -.172409E+01  -.172395E+01
-.172380E+01  -.172366E+01  -.172352E+01  -.172337E+01
-.172323E+01  -.172309E+01  -.172294E+01  -.172280E+01
-.172265E+01  -.172250E+01  -.172236E+01  -.172221E+01
-.172206E+01  -.172192E+01  -.172177E+01  -.172162E+01
-.172147E+01  -.172132E+01  -.172117E+01  -.172102E+01
-.172087E+01  -.172072E+01  -.172057E+01  -.172042E+01
-.172027E+01  -.172011E+01  -.171996E+01  -.171981E+01
-.171966E+01  -.171950E+01  -.171935E+01  -.171920E+01
-.171904E+01  -.171889E+01  -.171873E+01  -.171857E+01
-.171842E+01  -.171826E+01  -.171811E+01  -.171795E+01
-.171779E+01  -.171763E+01  -.171747E+01  -.171732E+01
-.171716E+01  -.171700E+01  -.171684E+01  -.171668E+01
-.171652E+01  -.171636E+01  -.171620E+01  -.171603E+01
-.171587E+01  -.171571E+01  -.171555E+01  -.171538E+01
-.171522E+01  -.171506E+01  -.171489E+01  -.171473E+01
-.171456E+01  -.171440E+01  -.171423E+01  -.171407E+01
-.171390E+01  -.171373E+01  -.171357E+01  -.171340E+01
-.171323E+01  -.171306E+01  -.171290E+01  -.171273E+01
-.171256E+01  -.171239E+01  -.171222E+01  -.171205E+01
-.171188E+01  -.171171E+01  -.171154E+01  -.171136E+01
-.171119E+01  -.171102E+01  -.171085E+01  -.171068E+01
-.171050E+01  -.171033E+01  -.171015E+01  -.170998E+01
-.170981E+01  -.170963E+01  -.170945E+01  -.170928E+01
-.170910E+01  -.170893E+01  -.170875E+01  -.170857E+01
-.170839E+01  -.170822E+01  -.170804E+01  -.170786E+01
-.170768E+01  -.170750E+01  -.170732E+01  -.170714E+01
-.170696E+01  -.170678E+01  -.170660E+01  -.170642E+01
-.170624E+01  -.170606E+01  -.170587E+01  -.170569E+01
-.170551E+01  -.170532E+01  -.170514E+01  -.170496E+01
-.170477E+01  -.170459E+01  -.170440E+01  -.170422E+01
-.170403E+01  -.170384E+01  -.170366E+01  -.170347E+01
-.170328E+01  -.170310E+01  -.170291E+01  -.170272E+01
-.170253E+01  -.170234E+01  -.170215E+01  -.170196E+01
-.170177E+01  -.170158E+01  -.170139E+01  -.170120E+01
-.170101E+01  -.170082E+01  -.170063E+01  -.170044E+01
-.170024E+01  -.170005E+01  -.169986E+01  -.169966E+01
-.169947E+01  -.169927E+01  -.169908E+01  -.169888E+01
-.169869E+01  -.169849E+01  -.169830E+01  -.169810E+01
-.169790E+01  -.169771E+01  -.169751E+01  -.169731E+01
-.169711E+01  -.169692E+01  -.169672E+01  -.169652E+01
-.169632E+01  -.169612E+01  -.169592E+01  -.169572E+01
-.169552E+01  -.169532E+01  -.169512E+01  -.169491E+01
-.169471E+01  -.169451E+01  -.169431E+01  -.169410E+01
-.169390E+01  -.169370E+01  -.169349E+01  -.169329E+01
-.169308E+01  -.169288E+01  -.169267E+01  -.169247E+01
-.169226E+01  -.169206E+01  -.169185E+01  -.169164E+01
-.169144E+01  -.169123E+01  -.169102E+01  -.169081E+01
-.169060E+01  -.169039E+01  -.169019E+01  -.168998E+01
-.168977E+01  -.168956E+01  -.168935E+01  -.168913E+01
-.168892E+01  -.168871E+01  -.168850E+01  -.168829E+01
-.168808E+01  -.168786E+01  -.168765E+01  -.168744E+01
-.168722E+01  -.168701E+01  -.168679E+01  -.168658E+01
-.168636E+01  -.168615E+01  -.168593E+01  -.168572E+01
 pair   Pb    Pb         440   1.1000000       5.5000000    
0.671527E+02  0.652856E+02  0.634694E+02  0.617025E+02
0.599837E+02  0.583117E+02  0.566853E+02  0.551032E+02
0.535642E+02  0.520671E+02  0.506109E+02  0.491945E+02
0.478167E+02  0.464765E+02  0.451729E+02  0.439050E+02
0.426717E+02  0.414722E+02  0.403055E+02  0.391706E+02
0.380669E+02  0.369934E+02  0.359494E+02  0.349339E+02
0.339464E+02  0.329859E+02  0.320518E+02  0.311433E+02
0.302598E+02  0.294006E+02  0.285650E+02  0.277524E+02
0.269622E+02  0.261937E+02  0.254464E+02  0.247198E+02
0.240131E+02  0.233260E+02  0.226578E+02  0.220082E+02
0.213764E+02  0.207621E+02  0.201649E+02  0.195841E+02
0.190195E+02  0.184705E+02  0.179367E+02  0.174178E+02
0.169132E+02  0.164227E+02  0.159458E+02  0.154822E+02
0.150315E+02  0.145933E+02  0.141673E+02  0.137533E+02
0.133508E+02  0.129595E+02  0.125791E+02  0.122094E+02
0.118501E+02  0.115008E+02  0.111613E+02  0.108313E+02
0.105105E+02  0.101988E+02  0.989587E+01  0.960143E+01
0.931529E+01  0.903720E+01  0.876695E+01  0.850433E+01
0.824913E+01  0.800115E+01  0.776017E+01  0.752603E+01
0.729851E+01  0.707745E+01  0.686267E+01  0.665399E+01
0.645124E+01  0.625427E+01  0.606291E+01  0.587701E+01
0.569641E+01  0.552098E+01  0.535057E+01  0.518504E+01
0.502425E+01  0.486808E+01  0.471639E+01  0.456907E+01
0.442599E+01  0.428703E+01  0.415209E+01  0.402104E+01
0.389378E+01  0.377021E+01  0.365023E+01  0.353372E+01
0.342060E+01  0.331078E+01  0.320415E+01  0.310064E+01
0.300015E+01  0.290260E+01  0.280791E+01  0.271600E+01
0.262679E+01  0.254021E+01  0.245617E+01  0.237462E+01
0.229548E+01  0.221868E+01  0.214415E+01  0.207184E+01
0.200168E+01  0.193362E+01  0.186758E+01  0.180351E+01
0.174137E+01  0.168109E+01  0.162262E+01  0.156591E+01
0.151091E+01  0.145758E+01  0.140586E+01  0.135570E+01
0.130708E+01  0.125993E+01  0.121422E+01  0.116991E+01
0.112696E+01  0.108533E+01  0.104498E+01  0.100588E+01
0.967980E+00  0.931259E+00  0.895679E+00  0.861207E+00
0.827811E+00  0.795461E+00  0.764126E+00  0.733777E+00
0.704385E+00  0.675923E+00  0.648363E+00  0.621681E+00
0.595850E+00  0.570845E+00  0.546642E+00  0.523218E+00
0.500551E+00  0.478618E+00  0.457397E+00  0.436869E+00
0.417012E+00  0.397807E+00  0.379234E+00  0.361275E+00
0.343913E+00  0.327128E+00  0.310905E+00  0.295226E+00
0.280076E+00  0.265438E+00  0.251298E+00  0.237640E+00
0.224450E+00  0.211714E+00  0.199419E+00  0.187550E+00
0.176097E+00  0.165045E+00  0.154382E+00  0.144098E+00
0.134180E+00  0.124617E+00  0.115399E+00  0.106514E+00
0.979534E-01  0.897065E-01  0.817638E-01  0.741158E-01
0.667536E-01  0.596680E-01  0.528509E-01  0.462934E-01
0.399878E-01  0.339262E-01  0.281007E-01  0.225042E-01
0.171292E-01  0.119689E-01  0.701636E-02  0.226501E-02
-.229156E-02  -.665954E-02  -.108451E-01  -.148540E-01
-.186919E-01  -.223645E-01  -.258771E-01  -.292349E-01
-.324432E-01  -.355065E-01  -.384299E-01  -.412180E-01
-.438752E-01  -.464059E-01  -.488144E-01  -.511048E-01
-.532812E-01  -.553474E-01  -.573071E-01  -.591641E-01
-.609218E-01  -.625838E-01  -.641534E-01  -.656338E-01
-.670282E-01  -.683396E-01  -.695711E-01  -.707254E-01
-.718055E-01  -.728140E-01  -.737536E-01  -.746267E-01
-.754360E-01  -.761837E-01  -.768723E-01  -.775040E-01
-.780810E-01  -.786055E-01  -.790794E-01  -.795049E-01
-.798839E-01  -.802182E-01  -.805097E-01  -.807602E-01
-.809714E-01  -.811450E-01  -.812826E-01  -.813857E-01
-.814560E-01  -.814949E-01  -.815039E-01  -.814842E-01
-.814373E-01  -.813646E-01  -.812671E-01  -.811463E-01
-.810032E-01  -.808391E-01  -.806550E-01  -.804520E-01
-.802311E-01  -.799935E-01  -.797400E-01  -.794716E-01
-.791892E-01  -.788936E-01  -.785857E-01  -.782664E-01
-.779364E-01  -.775964E-01  -.772471E-01  -.768894E-01
-.765236E-01  -.761507E-01  -.757710E-01  -.753852E-01
-.749937E-01  -.745972E-01  -.741960E-01  -.737906E-01
-.733813E-01  -.729686E-01  -.725528E-01  -.721342E-01
-.717130E-01  -.712895E-01  -.708639E-01  -.704364E-01
-.700071E-01  -.695761E-01  -.691435E-01  -.687094E-01
-.682737E-01  -.678365E-01  -.673978E-01  -.669574E-01
-.665152E-01  -.660712E-01  -.656253E-01  -.651773E-01
-.647269E-01  -.642742E-01  -.638188E-01  -.633606E-01
-.628993E-01  -.624349E-01  -.619670E-01  -.614955E-01
-.610203E-01  -.605411E-01  -.600578E-01  -.595703E-01
-.590784E-01  -.585820E-01  -.580811E-01  -.575757E-01
-.570656E-01  -.565510E-01  -.560319E-01  -.555083E-01
-.549803E-01  -.544481E-01  -.539118E-01  -.533716E-01
-.528277E-01  -.522803E-01  -.517298E-01  -.511763E-01
-.506202E-01  -.500617E-01  -.495012E-01  -.489391E-01
-.483756E-01  -.478110E-01  -.472458E-01  -.466803E-01
-.461149E-01  -.455498E-01  -.449854E-01  -.444221E-01
-.438601E-01  -.432998E-01  -.427415E-01  -.421855E-01
-.416321E-01  -.410815E-01  -.405340E-01  -.399898E-01
-.394491E-01  -.389123E-01  -.383794E-01  -.378507E-01
-.373263E-01  -.368064E-01  -.362911E-01  -.357806E-01
-.352750E-01  -.347744E-01  -.342789E-01  -.337885E-01
-.333034E-01  -.328237E-01  -.323493E-01  -.318803E-01
-.314168E-01  -.309588E-01  -.305063E-01  -.300593E-01
-.296178E-01  -.291819E-01  -.287515E-01  -.283267E-01
-.279073E-01  -.274934E-01  -.270850E-01  -.266820E-01
-.262844E-01  -.258922E-01  -.255053E-01  -.251237E-01
-.247474E-01  -.243763E-01  -.240103E-01  -.236494E-01
-.232936E-01  -.229428E-01  -.225969E-01  -.222559E-01
-.219198E-01  -.215884E-01  -.212618E-01  -.209398E-01
-.206224E-01  -.203095E-01  -.200012E-01  -.196972E-01
-.193977E-01  -.191024E-01  -.188113E-01  -.185244E-01
-.182416E-01  -.179629E-01  -.176882E-01  -.174174E-01
-.171504E-01  -.168872E-01  -.166278E-01  -.163721E-01
-.161199E-01  -.158713E-01  -.156262E-01  -.153845E-01
-.151462E-01  -.149111E-01  -.146793E-01  -.144507E-01
-.142252E-01  -.140027E-01  -.137832E-01  -.135667E-01
-.133530E-01  -.131421E-01  -.129339E-01  -.127285E-01
-.125256E-01  -.123253E-01  -.121275E-01  -.119321E-01
-.117390E-01  -.115483E-01  -.113599E-01  -.111736E-01
-.109894E-01  -.108073E-01  -.106272E-01  -.104490E-01
-.102727E-01  -.100982E-01  -.992542E-02  -.975436E-02
-.958494E-02  -.941708E-02  -.925075E-02  -.908587E-02
 dens    Pb         440   1.1000000       5.5000000    
0.227638E+02  0.224272E+02  0.220957E+02  0.217690E+02
0.214472E+02  0.211301E+02  0.208178E+02  0.205100E+02
0.202068E+02  0.199081E+02  0.196138E+02  0.193238E+02
0.190381E+02  0.187567E+02  0.184794E+02  0.182062E+02
0.179370E+02  0.176719E+02  0.174106E+02  0.171532E+02
0.168996E+02  0.166498E+02  0.164037E+02  0.161612E+02
0.159222E+02  0.156868E+02  0.154549E+02  0.152265E+02
0.150014E+02  0.147796E+02  0.145611E+02  0.143458E+02
0.141337E+02  0.139248E+02  0.137189E+02  0.135161E+02
0.133163E+02  0.131194E+02  0.129255E+02  0.127344E+02
0.125462E+02  0.123607E+02  0.121779E+02  0.119979E+02
0.118205E+02  0.116458E+02  0.114736E+02  0.113040E+02
0.111369E+02  0.109722E+02  0.108100E+02  0.106502E+02
0.104928E+02  0.103377E+02  0.101848E+02  0.100343E+02
0.988592E+01  0.973977E+01  0.959578E+01  0.945392E+01
0.931416E+01  0.917646E+01  0.904080E+01  0.890715E+01
0.877547E+01  0.864574E+01  0.851792E+01  0.839200E+01
0.826793E+01  0.814570E+01  0.802528E+01  0.790664E+01
0.778975E+01  0.767459E+01  0.756113E+01  0.744935E+01
0.733922E+01  0.723072E+01  0.712383E+01  0.701851E+01
0.691475E+01  0.681253E+01  0.671182E+01  0.661259E+01
0.651483E+01  0.641852E+01  0.632363E+01  0.623015E+01
0.613804E+01  0.604730E+01  0.595790E+01  0.586982E+01
0.578305E+01  0.569755E+01  0.561332E+01  0.553034E+01
0.544858E+01  0.536803E+01  0.528867E+01  0.521049E+01
0.513346E+01  0.505757E+01  0.498280E+01  0.490913E+01
0.483656E+01  0.476506E+01  0.469461E+01  0.462521E+01
0.455683E+01  0.448947E+01  0.442310E+01  0.435771E+01
0.429328E+01  0.422982E+01  0.416728E+01  0.410568E+01
0.404498E+01  0.398518E+01  0.392627E+01  0.386822E+01
0.381104E+01  0.375470E+01  0.369919E+01  0.364450E+01
0.359062E+01  0.353754E+01  0.348524E+01  0.343372E+01
0.338295E+01  0.333294E+01  0.328367E+01  0.323513E+01
0.318730E+01  0.314018E+01  0.309376E+01  0.304802E+01
0.300296E+01  0.295856E+01  0.291483E+01  0.287174E+01
0.282928E+01  0.278745E+01  0.274625E+01  0.270565E+01
0.266565E+01  0.262624E+01  0.258741E+01  0.254916E+01
0.251148E+01  0.247435E+01  0.243777E+01  0.240173E+01
0.236623E+01  0.233124E+01  0.229678E+01  0.226282E+01
0.222937E+01  0.219641E+01  0.216394E+01  0.213195E+01
0.210043E+01  0.206938E+01  0.203879E+01  0.200865E+01
0.197895E+01  0.194970E+01  0.192088E+01  0.189248E+01
0.186450E+01  0.183694E+01  0.180978E+01  0.178303E+01
0.175667E+01  0.173070E+01  0.170511E+01  0.167990E+01
0.165507E+01  0.163060E+01  0.160649E+01  0.158274E+01
0.155935E+01  0.153629E+01  0.151358E+01  0.149120E+01
0.146916E+01  0.144744E+01  0.142604E+01  0.140496E+01
0.138419E+01  0.136373E+01  0.134357E+01  0.132370E+01
0.130413E+01  0.128485E+01  0.126586E+01  0.124715E+01
0.122871E+01  0.121054E+01  0.119265E+01  0.117502E+01
0.115765E+01  0.114053E+01  0.112367E+01  0.110706E+01
0.109069E+01  0.107457E+01  0.105868E+01  0.104303E+01
0.102761E+01  0.101242E+01  0.997452E+00  0.982706E+00
0.968178E+00  0.953865E+00  0.939764E+00  0.925871E+00
0.912183E+00  0.898698E+00  0.885412E+00  0.872322E+00
0.859426E+00  0.846721E+00  0.834203E+00  0.821871E+00
0.809721E+00  0.797750E+00  0.785957E+00  0.774337E+00
0.762890E+00  0.751612E+00  0.740500E+00  0.729553E+00
0.718767E+00  0.708142E+00  0.697673E+00  0.687359E+00
0.677197E+00  0.667186E+00  0.657322E+00  0.647605E+00
0.638031E+00  0.628598E+00  0.619306E+00  0.610150E+00
0.601130E+00  0.592243E+00  0.583488E+00  0.574862E+00
0.566363E+00  0.557990E+00  0.549741E+00  0.541614E+00
0.533607E+00  0.525719E+00  0.517947E+00  0.510289E+00
0.502745E+00  0.495313E+00  0.487991E+00  0.480776E+00
0.473669E+00  0.466666E+00  0.459767E+00  0.452970E+00
0.446274E+00  0.439676E+00  0.433176E+00  0.426772E+00
0.420463E+00  0.414247E+00  0.408123E+00  0.402090E+00
0.396145E+00  0.390289E+00  0.384519E+00  0.378835E+00
0.373234E+00  0.367716E+00  0.362280E+00  0.356924E+00
0.351648E+00  0.346449E+00  0.341327E+00  0.336281E+00
0.331310E+00  0.326412E+00  0.321586E+00  0.316832E+00
0.312148E+00  0.307534E+00  0.302987E+00  0.298508E+00
0.294095E+00  0.289747E+00  0.285464E+00  0.281244E+00
0.277086E+00  0.272990E+00  0.268954E+00  0.264978E+00
0.261060E+00  0.257201E+00  0.253399E+00  0.249653E+00
0.245962E+00  0.242326E+00  0.238743E+00  0.235214E+00
0.231736E+00  0.228311E+00  0.224935E+00  0.221610E+00
0.218334E+00  0.215106E+00  0.211926E+00  0.208793E+00
0.205706E+00  0.202665E+00  0.199669E+00  0.196717E+00
0.193809E+00  0.190944E+00  0.188121E+00  0.185340E+00
0.182600E+00  0.179900E+00  0.177241E+00  0.174621E+00
0.172039E+00  0.169496E+00  0.166990E+00  0.164521E+00
0.162089E+00  0.159693E+00  0.157332E+00  0.155006E+00
0.152714E+00  0.150457E+00  0.148232E+00  0.146041E+00
0.143882E+00  0.141755E+00  0.139659E+00  0.137594E+00
0.135560E+00  0.133556E+00  0.131582E+00  0.129636E+00
0.127720E+00  0.125831E+00  0.123971E+00  0.122138E+00
0.120333E+00  0.118554E+00  0.116801E+00  0.115074E+00
0.113373E+00  0.111696E+00  0.110045E+00  0.108418E+00
0.106815E+00  0.105236E+00  0.103680E+00  0.102147E+00
0.100636E+00  0.991483E-01  0.976822E-01  0.962378E-01
0.948147E-01  0.934126E-01  0.920312E-01  0.906702E-01
0.893293E-01  0.880082E-01  0.867066E-01  0.854241E-01
0.841607E-01  0.829157E-01  0.816892E-01  0.804808E-01
0.792902E-01  0.781170E-01  0.769612E-01  0.758224E-01
0.747004E-01  0.735948E-01  0.725056E-01  0.714323E-01
0.703748E-01  0.693328E-01  0.683062E-01  0.672945E-01
0.662978E-01  0.653156E-01  0.643478E-01  0.633942E-01
0.624544E-01  0.615285E-01  0.606160E-01  0.597169E-01
0.588308E-01  0.579577E-01  0.570972E-01  0.562492E-01
0.554135E-01  0.545899E-01  0.537781E-01  0.529781E-01
0.521896E-01  0.514124E-01  0.506464E-01  0.498913E-01
0.491470E-01  0.484133E-01  0.476900E-01  0.469769E-01
0.462739E-01  0.455808E-01  0.448974E-01  0.442235E-01
0.435590E-01  0.429037E-01  0.422574E-01  0.416199E-01
0.409912E-01  0.403710E-01  0.397592E-01  0.391555E-01
0.385599E-01  0.379722E-01  0.373922E-01  0.368197E-01
0.362546E-01  0.356967E-01  0.351459E-01  0.346020E-01
0.340649E-01  0.335343E-01  0.330101E-01  0.324923E-01
 embe  Pb        2000   0.0000000       20.000000    
-.439965E-02  -.879154E-02  -.131746E-01  -.175490E-01
-.219145E-01  -.262713E-01  -.306194E-01  -.349587E-01
-.392892E-01  -.436111E-01  -.479242E-01  -.522286E-01
-.565243E-01  -.608113E-01  -.650897E-01  -.693593E-01
-.736203E-01  -.778726E-01  -.821163E-01  -.863513E-01
-.905778E-01  -.947955E-01  -.990047E-01  -.103205E+00
-.107397E+00  -.111581E+00  -.115755E+00  -.119922E+00
-.124079E+00  -.128228E+00  -.132369E+00  -.136501E+00
-.140624E+00  -.144739E+00  -.148846E+00  -.152944E+00
-.157033E+00  -.161114E+00  -.165187E+00  -.169251E+00
-.173306E+00  -.177353E+00  -.181392E+00  -.185422E+00
-.189444E+00  -.193457E+00  -.197462E+00  -.201459E+00
-.205447E+00  -.209427E+00  -.213398E+00  -.217361E+00
-.221316E+00  -.225262E+00  -.229200E+00  -.233130E+00
-.237051E+00  -.240964E+00  -.244869E+00  -.248766E+00
-.252654E+00  -.256534E+00  -.260405E+00  -.264268E+00
-.268123E+00  -.271970E+00  -.275809E+00  -.279639E+00
-.283461E+00  -.287275E+00  -.291081E+00  -.294878E+00
-.298668E+00  -.302449E+00  -.306222E+00  -.309987E+00
-.313743E+00  -.317492E+00  -.321232E+00  -.324964E+00
-.328689E+00  -.332405E+00  -.336113E+00  -.339812E+00
-.343504E+00  -.347188E+00  -.350863E+00  -.354531E+00
-.358190E+00  -.361842E+00  -.365485E+00  -.369121E+00
-.372748E+00  -.376367E+00  -.379979E+00  -.383582E+00
-.387178E+00  -.390765E+00  -.394345E+00  -.397916E+00
-.401480E+00  -.405035E+00  -.408583E+00  -.412123E+00
-.415655E+00  -.419179E+00  -.422695E+00  -.426203E+00
-.429703E+00  -.433196E+00  -.436680E+00  -.440157E+00
-.443626E+00  -.447087E+00  -.450540E+00  -.453985E+00
-.457423E+00  -.460853E+00  -.464275E+00  -.467689E+00
-.471095E+00  -.474494E+00  -.477885E+00  -.481268E+00
-.484643E+00  -.488011E+00  -.491371E+00  -.494723E+00
-.498068E+00  -.501405E+00  -.504734E+00  -.508055E+00
-.511369E+00  -.514675E+00  -.517974E+00  -.521265E+00
-.524548E+00  -.527823E+00  -.531091E+00  -.534352E+00
-.537604E+00  -.540849E+00  -.544087E+00  -.547317E+00
-.550539E+00  -.553754E+00  -.556961E+00  -.560161E+00
-.563353E+00  -.566538E+00  -.569715E+00  -.572885E+00
-.576047E+00  -.579202E+00  -.582349E+00  -.585488E+00
-.588621E+00  -.591745E+00  -.594863E+00  -.597973E+00
-.601075E+00  -.604170E+00  -.607258E+00  -.610338E+00
-.613411E+00  -.616476E+00  -.619534E+00  -.622585E+00
-.625628E+00  -.628664E+00  -.631693E+00  -.634714E+00
-.637728E+00  -.640734E+00  -.643734E+00  -.646726E+00
-.649710E+00  -.652688E+00  -.655658E+00  -.658621E+00
-.661576E+00  -.664524E+00  -.667466E+00  -.670399E+00
-.673326E+00  -.676246E+00  -.679158E+00  -.682063E+00
-.684961E+00  -.687851E+00  -.690735E+00  -.693611E+00
-.696480E+00  -.699342E+00  -.702197E+00  -.705044E+00
-.707885E+00  -.710719E+00  -.713545E+00  -.716364E+00
-.719176E+00  -.721981E+00  -.724779E+00  -.727570E+00
-.730354E+00  -.733131E+00  -.735901E+00  -.738664E+00
-.741419E+00  -.744168E+00  -.746910E+00  -.749645E+00
-.752372E+00  -.755093E+00  -.757807E+00  -.760514E+00
-.763214E+00  -.765907E+00  -.768593E+00  -.771272E+00
-.773944E+00  -.776609E+00  -.779268E+00  -.781919E+00
-.784564E+00  -.787201E+00  -.789832E+00  -.792456E+00
-.795073E+00  -.797684E+00  -.800287E+00  -.802884E+00
-.805473E+00  -.808056E+00  -.810633E+00  -.813202E+00
-.815765E+00  -.818321E+00  -.820870E+00  -.823412E+00
-.825948E+00  -.828476E+00  -.830999E+00  -.833514E+00
-.836023E+00  -.838525E+00  -.841020E+00  -.843509E+00
-.845991E+00  -.848466E+00  -.850935E+00  -.853396E+00
-.855852E+00  -.858300E+00  -.860743E+00  -.863178E+00
-.865607E+00  -.868029E+00  -.870445E+00  -.872854E+00
-.875256E+00  -.877652E+00  -.880041E+00  -.882424E+00
-.884800E+00  -.887170E+00  -.889533E+00  -.891890E+00
-.894240E+00  -.896584E+00  -.898921E+00  -.901252E+00
-.903576E+00  -.905894E+00  -.908205E+00  -.910510E+00
-.912808E+00  -.915100E+00  -.917386E+00  -.919665E+00
-.921938E+00  -.924204E+00  -.926464E+00  -.928718E+00
-.930965E+00  -.933206E+00  -.935440E+00  -.937668E+00
-.939890E+00  -.942106E+00  -.944315E+00  -.946518E+00
-.948714E+00  -.950905E+00  -.953089E+00  -.955266E+00
-.957438E+00  -.959603E+00  -.961762E+00  -.963915E+00
-.966061E+00  -.968202E+00  -.970336E+00  -.972463E+00
-.974585E+00  -.976700E+00  -.978810E+00  -.980913E+00
-.983010E+00  -.985101E+00  -.987185E+00  -.989264E+00
-.991336E+00  -.993402E+00  -.995462E+00  -.997516E+00
-.999564E+00  -.100161E+01  -.100364E+01  -.100567E+01
-.100770E+01  -.100971E+01  -.101172E+01  -.101373E+01
-.101573E+01  -.101772E+01  -.101971E+01  -.102169E+01
-.102367E+01  -.102564E+01  -.102760E+01  -.102956E+01
-.103151E+01  -.103345E+01  -.103539E+01  -.103733E+01
-.103926E+01  -.104118E+01  -.104309E+01  -.104500E+01
-.104691E+01  -.104881E+01  -.105070E+01  -.105259E+01
-.105447E+01  -.105634E+01  -.105821E+01  -.106007E+01
-.106193E+01  -.106378E+01  -.106563E+01  -.106747E+01
-.106930E+01  -.107113E+01  -.107295E+01  -.107477E+01
-.107658E+01  -.107839E+01  -.108019E+01  -.108198E+01
-.108377E+01  -.108555E+01  -.108733E+01  -.108910E+01
-.109086E+01  -.109262E+01  -.109438E+01  -.109613E+01
-.109787E+01  -.109961E+01  -.110134E+01  -.110306E+01
-.110478E+01  -.110650E+01  -.110821E+01  -.110991E+01
-.111161E+01  -.111330E+01  -.111499E+01  -.111667E+01
-.111835E+01  -.112002E+01  -.112168E+01  -.112334E+01
-.112499E+01  -.112664E+01  -.112828E+01  -.112992E+01
-.113155E+01  -.113318E+01  -.113480E+01  -.113641E+01
-.113802E+01  -.113963E+01  -.114123E+01  -.114282E+01
-.114441E+01  -.114599E+01  -.114757E+01  -.114914E+01
-.115071E+01  -.115227E+01  -.115382E+01  -.115537E+01
-.115692E+01  -.115846E+01  -.115999E+01  -.116152E+01
-.116305E+01  -.116456E+01  -.116608E+01  -.116759E+01
-.116909E+01  -.117059E+01  -.117208E+01  -.117356E+01
-.117505E+01  -.117652E+01  -.117799E+01  -.117946E+01
-.118092E+01  -.118238E+01  -.118383E+01  -.118527E+01
-.118671E+01  -.118815E+01  -.118958E+01  -.119100E+01
-.119242E+01  -.119384E+01  -.119524E+01  -.119665E+01
-.119805E+01  -.119944E+01  -.120083E+01  -.120221E+01
-.120359E+01  -.120497E+01  -.120634E+01  -.120770E+01
-.120906E+01  -.121041E+01  -.121176E+01  -.121310E+01
-.121444E+01  -.121577E+01  -.121710E+01  -.121843E+01
-.121975E+01  -.122106E+01  -.122237E+01  -.122367E+01
-.122497E+01  -.122626E+01  -.122755E+01  -.122884E+01
-.123012E+01  -.123139E+01  -.123266E+01  -.123392E+01
-.123518E+01  -.123644E+01  -.123769E+01  -.123893E+01
-.124017E+01  -.124141E+01  -.124264E+01  -.124387E+01
-.124509E+01  -.124630E+01  -.124752E+01  -.124872E+01
-.124992E+01  -.125112E+01  -.125231E+01  -.125350E+01
-.125468E+01  -.125586E+01  -.125704E+01  -.125821E+01
-.125937E+01  -.126053E+01  -.126168E+01  -.126283E+01
-.126398E+01  -.126512E+01  -.126626E+01  -.126739E+01
-.126852E+01  -.126964E+01  -.127076E+01  -.127187E+01
-.127298E+01  -.127408E+01  -.127518E+01  -.127628E+01
-.127737E+01  -.127845E+01  -.127953E+01  -.128061E+01
-.128168E+01  -.128275E+01  -.128381E+01  -.128487E+01
-.128593E+01  -.128698E+01  -.128802E+01  -.128906E+01
-.129010E+01  -.129113E+01  -.129216E+01  -.129318E+01
-.129420E+01  -.129522E+01  -.129622E+01  -.129723E+01
-.129823E+01  -.129923E+01  -.130022E+01  -.130121E+01
-.130219E+01  -.130317E+01  -.130415E+01  -.130512E+01
-.130608E+01  -.130705E+01  -.130800E+01  -.130896E+01
-.130991E+01  -.131085E+01  -.131179E+01  -.131273E+01
-.131366E+01  -.131459E+01  -.131551E+01  -.131643E+01
-.131735E+01  -.131826E+01  -.131917E+01  -.132007E+01
-.132097E+01  -.132186E+01  -.132275E+01  -.132364E+01
-.132452E+01  -.132540E+01  -.132627E+01  -.132714E+01
-.132801E+01  -.132887E+01  -.132972E+01  -.133058E+01
-.133143E+01  -.133227E+01  -.133311E+01  -.133395E+01
-.133478E+01  -.133561E+01  -.133644E+01  -.133726E+01
-.133807E+01  -.133889E+01  -.133970E+01  -.134050E+01
-.134130E+01  -.134210E+01  -.134289E+01  -.134368E+01
-.134447E+01  -.134525E+01  -.134602E+01  -.134680E+01
-.134757E+01  -.134833E+01  -.134909E+01  -.134985E+01
-.135061E+01  -.135136E+01  -.135210E+01  -.135284E+01
-.135358E+01  -.135432E+01  -.135505E+01  -.135578E+01
-.135650E+01  -.135722E+01  -.135793E+01  -.135865E+01
-.135935E+01  -.136006E+01  -.136076E+01  -.136146E+01
-.136215E+01  -.136284E+01  -.136353E+01  -.136421E+01
-.136489E+01  -.136556E+01  -.136623E+01  -.136690E+01
-.136756E+01  -.136822E+01  -.136888E+01  -.136953E+01
-.137018E+01  -.137083E+01  -.137147E+01  -.137211E+01
-.137274E+01  -.137337E+01  -.137400E+01  -.137462E+01
-.137525E+01  -.137586E+01  -.137648E+01  -.137709E+01
-.137769E+01  -.137829E+01  -.137889E+01  -.137949E+01
-.138008E+01  -.138067E+01  -.138126E+01  -.138184E+01
-.138242E+01  -.138299E+01  -.138356E+01  -.138413E+01
-.138470E+01  -.138526E+01  -.138581E+01  -.138637E+01
-.138692E+01  -.138747E+01  -.138801E+01  -.138855E+01
-.138909E+01  -.138963E+01  -.139016E+01  -.139068E+01
-.139121E+01  -.139173E+01  -.139225E+01  -.139276E+01
-.139327E+01  -.139378E+01  -.139428E+01  -.139479E+01
-.139528E+01  -.139578E+01  -.139627E+01  -.139676E+01
-.139724E+01  -.139773E+01  -.139820E+01  -.139868E+01
-.139915E+01  -.139962E+01  -.140009E+01  -.140055E+01
-.140101E+01  -.140147E+01  -.140192E+01  -.140237E+01
-.140282E+01  -.140326E+01  -.140370E+01  -.140414E+01
-.140458E+01  -.140501E+01  -.140544E+01  -.140586E+01
-.140629E+01  -.140670E+01  -.140712E+01  -.140753E+01
-.140795E+01  -.140835E+01  -.140876E+01  -.140916E+01
-.140956E+01  -.140995E+01  -.141035E+01  -.141074E+01
-.141112E+01  -.141151E+01  -.141189E+01  -.141227E+01
-.141264E+01  -.141301E+01  -.141338E+01  -.141375E+01
-.141411E+01  -.141447E+01  -.141483E+01  -.141519E+01
-.141554E+01  -.141589E+01  -.141623E+01  -.141658E+01
-.141692E+01  -.141726E+01  -.141759E+01  -.141792E+01
-.141825E+01  -.141858E+01  -.141891E+01  -.141923E+01
-.141955E+01  -.141986E+01  -.142017E+01  -.142049E+01
-.142079E+01  -.142110E+01  -.142140E+01  -.142170E+01
-.142200E+01  -.142229E+01  -.142259E+01  -.142287E+01
-.142316E+01  -.142345E+01  -.142373E+01  -.142401E+01
-.142428E+01  -.142455E+01  -.142483E+01  -.142509E+01
-.142536E+01  -.142562E+01  -.142588E+01  -.142614E+01
-.142640E+01  -.142665E+01  -.142690E+01  -.142715E+01
-.142739E+01  -.142764E+01  -.142788E+01  -.142811E+01
-.142835E+01  -.142858E+01  -.142881E+01  -.142904E+01
-.142926E+01  -.142948E+01  -.142970E+01  -.142992E+01
-.143014E+01  -.143035E+01  -.143056E+01  -.143077E+01
-.143097E+01  -.143117E+01  -.143137E+01  -.143157E+01
-.143177E+01  -.143196E+01  -.143215E+01  -.143234E+01
-.143252E+01  -.143271E+01  -.143289E+01  -.143307E+01
-.143324E+01  -.143342E+01  -.143359E+01  -.143375E+01
-.143392E+01  -.143409E+01  -.143425E+01  -.143441E+01
-.143456E+01  -.143472E+01  -.143487E+01  -.143502E+01
-.143517E+01  -.143531E+01  -.143545E+01  -.143559E+01
-.143573E+01  -.143587E+01  -.143600E+01  -.143613E+01
-.143626E+01  -.143639E+01  -.143651E+01  -.143664E+01
-.143676E+01  -.143687E+01  -.143699E+01  -.143710E+01
-.143721E+01  -.143732E+01  -.143743E+01  -.143753E+01
-.143763E+01  -.143773E+01  -.143783E+01  -.143792E+01
-.143802E+01  -.143811E+01  -.143820E+01  -.143828E+01
-.143837E+01  -.143845E+01  -.143853E+01  -.143861E+01
-.143868E+01  -.143876E+01  -.143883E+01  -.143890E+01
-.143896E+01  -.143903E+01  -.143909E+01  -.143915E+01
-.143921E+01  -.143926E+01  -.143932E+01  -.143937E+01
-.143942E+01  -.143947E+01  -.143951E+01  -.143956E+01
-.143960E+01  -.143964E+01  -.143968E+01  -.143971E+01
-.143974E+01  -.143978E+01  -.143980E+01  -.143983E+01
-.143986E+01  -.143988E+01  -.143990E+01  -.143992E+01
-.143994E+01  -.143995E+01  -.143996E+01  -.143998E+01
-.143998E+01  -.143999E+01  -.144000E+01  -.144000E+01
-.144000E+01  -.144000E+01  -.144000E+01  -.143999E+01
-.143998E+01  -.143998E+01  -.143997E+01  -.143995E+01
-.143994E+01  -.143992E+01  -.143990E+01  -.143988E+01
-.143986E+01  -.143984E+01  -.143981E+01  -.143978E+01
-.143975E+01  -.143972E+01  -.143969E+01  -.143965E+01
-.143961E+01  -.143957E+01  -.143953E+01  -.143949E+01
-.143945E+01  -.143940E+01  -.143935E+01  -.143930E+01
-.143925E+01  -.143920E+01  -.143914E+01  -.143908E+01
-.143902E+01  -.143896E+01  -.143890E+01  -.143883E+01
-.143877E+01  -.143870E+01  -.143863E+01  -.143856E+01
-.143848E+01  -.143841E+01  -.143833E+01  -.143825E+01
-.143817E+01  -.143809E+01  -.143801E+01  -.143792E+01
-.143783E+01  -.143774E+01  -.143765E+01  -.143756E+01
-.143747E+01  -.143737E+01  -.143727E+01  -.143717E+01
-.143707E+01  -.143697E+01  -.143687E+01  -.143676E+01
-.143665E+01  -.143654E+01  -.143643E+01  -.143632E+01
-.143620E+01  -.143609E+01  -.143597E+01  -.143585E+01
-.143573E+01  -.143561E+01  -.143549E+01  -.143536E+01
-.143523E+01  -.143510E+01  -.143497E+01  -.143484E+01
-.143471E+01  -.143457E+01  -.143444E+01  -.143430E+01
-.143416E+01  -.143402E+01  -.143388E+01  -.143373E+01
-.143359E+01  -.143344E+01  -.143329E+01  -.143314E+01
-.143299E+01  -.143284E+01  -.143268E+01  -.143253E+01
-.143237E+01  -.143221E+01  -.143205E+01  -.143189E+01
-.143172E+01  -.143156E+01  -.143139E+01  -.143122E+01
-.143105E+01  -.143088E+01  -.143071E+01  -.143054E+01
-.143036E+01  -.143019E+01  -.143001E+01  -.142983E+01
-.142965E+01  -.142947E+01  -.142928E+01  -.142910E+01
-.142891E+01  -.142872E+01  -.142854E+01  -.142835E+01
-.142815E+01  -.142796E+01  -.142777E+01  -.142757E+01
-.142737E+01  -.142718E+01  -.142698E+01  -.142678E+01
-.142657E+01  -.142637E+01  -.142617E+01  -.142596E+01
-.142575E+01  -.142554E+01  -.142533E+01  -.142512E+01
-.142491E+01  -.142469E+01  -.142448E+01  -.142426E+01
-.142404E+01  -.142382E+01  -.142360E+01  -.142337E+01
-.142315E+01  -.142292E+01  -.142269E+01  -.142246E+01
-.142223E+01  -.142200E+01  -.142176E+01  -.142153E+01
-.142129E+01  -.142105E+01  -.142081E+01  -.142057E+01
-.142033E+01  -.142008E+01  -.141983E+01  -.141959E+01
-.141934E+01  -.141909E+01  -.141884E+01  -.141858E+01
-.141833E+01  -.141807E+01  -.141781E+01  -.141755E+01
-.141729E+01  -.141703E+01  -.141677E+01  -.141650E+01
-.141624E+01  -.141597E+01  -.141570E+01  -.141543E+01
-.141516E+01  -.141488E+01  -.141461E+01  -.141433E+01
-.141405E+01  -.141378E+01  -.141349E+01  -.141321E+01
-.141293E+01  -.141264E+01  -.141236E+01  -.141207E+01
-.141178E+01  -.141149E+01  -.141120E+01  -.141091E+01
-.141061E+01  -.141031E+01  -.141002E+01  -.140972E+01
-.140942E+01  -.140912E+01  -.140881E+01  -.140851E+01
-.140820E+01  -.140789E+01  -.140759E+01  -.140728E+01
-.140696E+01  -.140665E+01  -.140634E+01  -.140602E+01
-.140570E+01  -.140538E+01  -.140506E+01  -.140474E+01
-.140442E+01  -.140410E+01  -.140377E+01  -.140344E+01
-.140312E+01  -.140279E+01  -.140246E+01  -.140212E+01
-.140179E+01  -.140146E+01  -.140112E+01  -.140078E+01
-.140044E+01  -.140010E+01  -.139976E+01  -.139942E+01
-.139907E+01  -.139873E+01  -.139838E+01  -.139803E+01
-.139768E+01  -.139733E+01  -.139698E+01  -.139662E+01
-.139627E+01  -.139591E+01  -.139555E+01  -.139519E+01
-.139483E+01  -.139447E+01  -.139411E+01  -.139374E+01
-.139338E+01  -.139301E+01  -.139264E+01  -.139227E+01
-.139190E+01  -.139153E+01  -.139115E+01  -.139078E+01
-.139040E+01  -.139003E+01  -.138965E+01  -.138927E+01
-.138888E+01  -.138850E+01  -.138812E+01  -.138773E+01
-.138734E+01  -.138696E+01  -.138657E+01  -.138617E+01
-.138578E+01  -.138539E+01  -.138499E+01  -.138460E+01
-.138420E+01  -.138380E+01  -.138340E+01  -.138300E+01
-.138260E+01  -.138219E+01  -.138179E+01  -.138138E+01
-.138097E+01  -.138056E+01  -.138015E+01  -.137974E+01
-.137933E+01  -.137892E+01  -.137850E+01  -.137808E+01
-.137766E+01  -.137725E+01  -.137682E+01  -.137640E+01
-.137598E+01  -.137556E+01  -.137513E+01  -.137470E+01
-.137427E+01  -.137384E+01  -.137341E+01  -.137298E+01
-.137255E+01  -.137211E+01  -.137168E+01  -.137124E+01
-.137080E+01  -.137036E+01  -.136992E+01  -.136948E+01
-.136904E+01  -.136859E+01  -.136815E+01  -.136770E+01
-.136725E+01  -.136680E+01  -.136635E+01  -.136590E+01
-.136545E+01  -.136499E+01  -.136453E+01  -.136408E+01
-.136362E+01  -.136316E+01  -.136270E+01  -.136224E+01
-.136177E+01  -.136131E+01  -.136084E+01  -.136038E+01
-.135991E+01  -.135944E+01  -.135897E+01  -.135850E+01
-.135802E+01  -.135755E+01  -.135707E+01  -.135660E+01
-.135612E+01  -.135564E+01  -.135516E+01  -.135468E+01
-.135420E+01  -.135371E+01  -.135323E+01  -.135274E+01
-.135225E+01  -.135176E+01  -.135127E+01  -.135078E+01
-.135029E+01  -.134980E+01  -.134930E+01  -.134880E+01
-.134831E+01  -.134781E+01  -.134731E+01  -.134681E+01
-.134631E+01  -.134580E+01  -.134530E+01  -.134479E+01
-.134429E+01  -.134378E+01  -.134327E+01  -.134276E+01
-.134225E+01  -.134173E+01  -.134122E+01  -.134070E+01
-.134019E+01  -.133967E+01  -.133915E+01  -.133863E+01
-.133811E+01  -.133759E+01  -.133707E+01  -.133654E+01
-.133602E+01  -.133549E+01  -.133496E+01  -.133443E+01
-.133390E+01  -.133337E+01  -.133284E+01  -.133230E+01
-.133177E+01  -.133123E+01  -.133069E+01  -.133016E+01
-.132962E+01  -.132907E+01  -.132853E+01  -.132799E+01
-.132744E+01  -.132690E+01  -.132635E+01  -.132580E+01
-.132526E+01  -.132471E+01  -.132415E+01  -.132360E+01
-.132305E+01  -.132249E+01  -.132194E+01  -.132138E+01
-.132082E+01  -.132026E+01  -.131970E+01  -.131914E+01
-.131858E+01  -.131801E+01  -.131745E+01  -.131688E+01
-.131632E+01  -.131575E+01  -.131518E+01  -.131461E+01
-.131404E+01  -.131346E+01  -.131289E+01  -.131231E+01
-.131174E+01  -.131116E+01  -.131058E+01  -.131000E+01
-.130942E+01  -.130884E+01  -.130826E+01  -.130767E+01
-.130709E+01  -.130650E+01  -.130591E+01  -.130532E+01
-.130473E+01  -.130414E+01  -.130355E+01  -.130296E+01
-.130236E+01  -.130177E+01  -.130117E+01  -.130057E+01
-.129998E+01  -.129938E+01  -.129877E+01  -.129817E+01
-.129757E+01  -.129697E+01  -.129636E+01  -.129575E+01
-.129515E+01  -.129454E+01  -.129393E+01  -.129332E+01
-.129271E+01  -.129209E+01  -.129148E+01  -.129086E+01
-.129025E+01  -.128963E+01  -.128901E+01  -.128839E+01
-.128777E+01  -.128715E+01  -.128653E+01  -.128590E+01
-.128528E+01  -.128465E+01  -.128403E+01  -.128340E+01
-.128277E+01  -.128214E+01  -.128151E+01  -.128087E+01
-.128024E+01  -.127961E+01  -.127897E+01  -.127833E+01
-.127769E+01  -.127706E+01  -.127642E+01  -.127577E+01
-.127513E+01  -.127449E+01  -.127385E+01  -.127320E+01
-.127255E+01  -.127191E+01  -.127126E+01  -.127061E+01
-.126996E+01  -.126931E+01  -.126865E+01  -.126800E+01
-.126734E+01  -.126669E+01  -.126603E+01  -.126537E+01
-.126471E+01  -.126405E+01  -.126339E+01  -.126273E+01
-.126207E+01  -.126140E+01  -.126074E+01  -.126007E+01
-.125940E+01  -.125873E+01  -.125806E+01  -.125739E+01
-.125672E+01  -.125605E+01  -.125538E+01  -.125470E+01
-.125402E+01  -.125335E+01  -.125267E+01  -.125199E+01
-.125131E+01  -.125063E+01  -.124995E+01  -.124926E+01
-.124858E+01  -.124790E+01  -.124721E+01  -.124652E+01
-.124583E+01  -.124514E+01  -.124445E+01  -.124376E+01
-.124307E+01  -.124238E+01  -.124168E+01  -.124099E+01
-.124029E+01  -.123959E+01  -.123889E+01  -.123819E+01
-.123749E+01  -.123679E+01  -.123609E+01  -.123539E+01
-.123468E+01  -.123398E+01  -.123327E+01  -.123256E+01
-.123185E+01  -.123114E+01  -.123043E+01  -.122972E+01
-.122901E+01  -.122829E+01  -.122758E+01  -.122686E+01
-.122615E+01  -.122543E+01  -.122471E+01  -.122399E+01
-.122327E+01  -.122255E+01  -.122182E+01  -.122110E+01
-.122038E+01  -.121965E+01  -.121892E+01  -.121820E+01
-.121747E+01  -.121674E+01  -.121601E+01  -.121527E+01
-.121454E+01  -.121381E+01  -.121307E+01  -.121234E+01
-.121160E+01  -.121086E+01  -.121012E+01  -.120938E+01
-.120864E+01  -.120790E+01  -.120716E+01  -.120642E+01
-.120567E+01  -.120493E+01  -.120418E+01  -.120343E+01
-.120268E+01  -.120193E+01  -.120118E+01  -.120043E+01
-.119968E+01  -.119893E+01  -.119817E+01  -.119742E+01
-.119666E+01  -.119590E+01  -.119514E+01  -.119438E+01
-.119362E+01  -.119286E+01  -.119210E+01  -.119134E+01
-.119057E+01  -.118981E+01  -.118904E+01  -.118827E+01
-.118751E+01  -.118674E+01  -.118597E+01  -.118520E+01
-.118442E+01  -.118365E+01  -.118288E+01  -.118210E+01
-.118133E+01  -.118055E+01  -.117977E+01  -.117899E+01
-.117821E+01  -.117743E+01  -.117665E+01  -.117587E+01
-.117509E+01  -.117430E+01  -.117352E+01  -.117273E+01
-.117194E+01  -.117116E+01  -.117037E+01  -.116958E+01
-.116879E+01  -.116799E+01  -.116720E+01  -.116641E+01
-.116561E+01  -.116482E+01  -.116402E+01  -.116322E+01
-.116242E+01  -.116162E+01  -.116082E+01  -.116002E+01
-.115922E+01  -.115842E+01  -.115761E+01  -.115681E+01
-.115600E+01  -.115519E+01  -.115439E+01  -.115358E+01
-.115277E+01  -.115196E+01  -.115115E+01  -.115033E+01
-.114952E+01  -.114871E+01  -.114789E+01  -.114707E+01
-.114626E+01  -.114544E+01  -.114462E+01  -.114380E+01
-.114298E+01  -.114216E+01  -.114133E+01  -.114051E+01
-.113969E+01  -.113886E+01  -.113803E+01  -.113721E+01
-.113638E+01  -.113555E+01  -.113472E+01  -.113389E+01
-.113306E+01  -.113222E+01  -.113139E+01  -.113055E+01
-.112972E+01  -.112888E+01  -.112804E+01  -.112721E+01
-.112637E+01  -.112553E+01  -.112469E+01  -.112384E+01
-.112300E+01  -.112216E+01  -.112131E+01  -.112047E+01
-.111962E+01  -.111877E+01  -.111792E+01  -.111707E+01
-.111622E+01  -.111537E+01  -.111452E+01  -.111367E+01
-.111281E+01  -.111196E+01  -.111110E+01  -.111025E+01
-.110939E+01  -.110853E+01  -.110767E+01  -.110681E+01
-.110595E+01  -.110509E+01  -.110423E+01  -.110336E+01
-.110250E+01  -.110163E+01  -.110077E+01  -.109990E+01
-.109903E+01  -.109816E+01  -.109729E+01  -.109642E+01
-.109555E+01  -.109468E+01  -.109381E+01  -.109293E+01
-.109206E+01  -.109118E+01  -.109030E+01  -.108943E+01
-.108855E+01  -.108767E+01  -.108679E+01  -.108591E+01
-.108502E+01  -.108414E+01  -.108326E+01  -.108237E+01
-.108149E+01  -.108060E+01  -.107971E+01  -.107882E+01
-.107793E+01  -.107704E+01  -.107615E+01  -.107526E+01
-.107437E+01  -.107347E+01  -.107258E+01  -.107169E+01
-.107079E+01  -.106989E+01  -.106899E+01  -.106810E+01
-.106720E+01  -.106630E+01  -.106539E+01  -.106449E+01
-.106359E+01  -.106268E+01  -.106178E+01  -.106087E+01
-.105997E+01  -.105906E+01  -.105815E+01  -.105724E+01
-.105633E+01  -.105542E+01  -.105451E+01  -.105360E+01
-.105268E+01  -.105177E+01  -.105085E+01  -.104994E+01
-.104902E+01  -.104810E+01  -.104718E+01  -.104627E+01
-.104534E+01  -.104442E+01  -.104350E+01  -.104258E+01
-.104166E+01  -.104073E+01  -.103981E+01  -.103888E+01
-.103795E+01  -.103702E+01  -.103610E+01  -.103517E+01
-.103424E+01  -.103330E+01  -.103237E+01  -.103144E+01
-.103051E+01  -.102957E+01  -.102863E+01  -.102770E+01
-.102676E+01  -.102582E+01  -.102488E+01  -.102394E+01
-.102300E+01  -.102206E+01  -.102112E+01  -.102018E+01
-.101923E+01  -.101829E+01  -.101734E+01  -.101640E+01
-.101545E+01  -.101450E+01  -.101355E+01  -.101260E+01
-.101165E+01  -.101070E+01  -.100975E+01  -.100880E+01
-.100784E+01  -.100689E+01  -.100593E+01  -.100497E+01
-.100402E+01  -.100306E+01  -.100210E+01  -.100114E+01
-.100018E+01  -.999219E+00  -.998257E+00  -.997294E+00
-.996330E+00  -.995366E+00  -.994400E+00  -.993434E+00
-.992467E+00  -.991499E+00  -.990530E+00  -.989561E+00
-.988590E+00  -.987619E+00  -.986647E+00  -.985674E+00
-.984701E+00  -.983726E+00  -.982751E+00  -.981775E+00
-.980798E+00  -.979821E+00  -.978842E+00  -.977863E+00
-.976883E+00  -.975902E+00  -.974920E+00  -.973937E+00
-.972954E+00  -.971970E+00  -.970985E+00  -.969999E+00
-.969013E+00  -.968025E+00  -.967037E+00  -.966048E+00
-.965058E+00  -.964068E+00  -.963076E+00  -.962084E+00
-.961091E+00  -.960097E+00  -.959103E+00  -.958107E+00
-.957111E+00  -.956114E+00  -.955116E+00  -.954118E+00
-.953118E+00  -.952118E+00  -.951117E+00  -.950115E+00
-.949112E+00  -.948109E+00  -.947105E+00  -.946100E+00
-.945094E+00  -.944088E+00  -.943080E+00  -.942072E+00
-.941063E+00  -.940053E+00  -.939043E+00  -.938031E+00
-.937019E+00  -.936007E+00  -.934993E+00  -.933978E+00
-.932963E+00  -.931947E+00  -.930930E+00  -.929913E+00
-.928894E+00  -.927875E+00  -.926855E+00  -.925834E+00
-.924812E+00  -.923790E+00  -.922767E+00  -.921743E+00
-.920719E+00  -.919693E+00  -.918667E+00  -.917640E+00
-.916612E+00  -.915583E+00  -.914554E+00  -.913524E+00
-.912493E+00  -.911461E+00  -.910429E+00  -.909396E+00
-.908362E+00  -.907327E+00  -.906291E+00  -.905255E+00
-.904218E+00  -.903180E+00  -.902141E+00  -.901102E+00
-.900062E+00  -.899021E+00  -.897979E+00  -.896936E+00
-.895893E+00  -.894849E+00  -.893804E+00  -.892759E+00
-.891712E+00  -.890665E+00  -.889617E+00  -.888569E+00
-.887519E+00  -.886469E+00  -.885418E+00  -.884367E+00
-.883314E+00  -.882261E+00  -.881207E+00  -.880152E+00
-.879097E+00  -.878040E+00  -.876983E+00  -.875925E+00
-.874867E+00  -.873808E+00  -.872747E+00  -.871686E+00
-.870625E+00  -.869563E+00  -.868500E+00  -.867436E+00
-.866371E+00  -.865306E+00  -.864239E+00  -.863173E+00
-.862105E+00  -.861036E+00  -.859968E+00  -.858898E+00
-.857827E+00  -.856755E+00  -.855683E+00  -.854611E+00
-.853537E+00  -.852463E+00  -.851387E+00  -.850312E+00
-.849235E+00  -.848158E+00  -.847079E+00  -.846000E+00
-.844921E+00  -.843840E+00  -.842759E+00  -.841677E+00
-.840595E+00  -.839511E+00  -.838427E+00  -.837343E+00
-.836257E+00  -.835170E+00  -.834083E+00  -.832996E+00
-.831907E+00  -.830818E+00  -.829728E+00  -.828637E+00
-.827546E+00  -.826453E+00  -.825360E+00  -.824267E+00
-.823172E+00  -.822077E+00  -.820981E+00  -.819884E+00
-.818787E+00  -.817689E+00  -.816590E+00  -.815490E+00
-.814390E+00  -.813289E+00  -.812187E+00  -.811085E+00
-.809981E+00  -.808877E+00  -.807772E+00  -.806667E+00
-.805561E+00  -.804454E+00  -.803346E+00  -.802238E+00
-.801129E+00  -.800019E+00  -.798908E+00  -.797797E+00
-.796685E+00  -.795572E+00  -.794459E+00  -.793345E+00
-.792230E+00  -.791114E+00  -.789998E+00  -.788881E+00
-.787763E+00  -.786644E+00  -.785525E+00  -.784405E+00
-.783284E+00  -.782163E+00  -.781041E+00  -.779918E+00
-.778794E+00  -.777670E+00  -.776545E+00  -.775419E+00
-.774293E+00  -.773166E+00  -.772038E+00  -.770909E+00
-.769780E+00  -.768650E+00  -.767520E+00  -.766388E+00
-.765256E+00  -.764123E+00  -.762989E+00  -.761855E+00
-.760720E+00  -.759584E+00  -.758448E+00  -.757311E+00
-.756173E+00  -.755034E+00  -.753895E+00  -.752755E+00
-.751614E+00  -.750473E+00  -.749331E+00  -.748188E+00
-.747044E+00  -.745900E+00  -.744755E+00  -.743609E+00
-.742463E+00  -.741316E+00  -.740168E+00  -.739020E+00
-.737871E+00  -.736721E+00  -.735570E+00  -.734419E+00
-.733267E+00  -.732114E+00  -.730961E+00  -.729807E+00
-.728652E+00  -.727497E+00  -.726340E+00  -.725183E+00
-.724026E+00  -.722867E+00  -.721708E+00  -.720549E+00
-.719388E+00  -.718227E+00  -.717066E+00  -.715903E+00
-.714740E+00  -.713576E+00  -.712412E+00  -.711247E+00
-.710080E+00  -.708914E+00  -.707747E+00  -.706578E+00
-.705410E+00  -.704240E+00  -.703070E+00  -.701900E+00
-.700728E+00  -.699556E+00  -.698383E+00  -.697209E+00
-.696035E+00  -.694860E+00  -.693685E+00  -.692509E+00
-.691331E+00  -.690154E+00  -.688976E+00  -.687796E+00
-.686616E+00  -.685436E+00  -.684255E+00  -.683073E+00
-.681891E+00  -.680708E+00  -.679524E+00  -.678339E+00
-.677154E+00  -.675968E+00  -.674782E+00  -.673594E+00
-.672406E+00  -.671218E+00  -.670029E+00  -.668839E+00
-.667648E+00  -.666456E+00  -.665264E+00  -.664072E+00
-.662879E+00  -.661684E+00  -.660490E+00  -.659294E+00
-.658098E+00  -.656902E+00  -.655704E+00  -.654506E+00
-.653307E+00  -.652108E+00  -.650908E+00  -.649707E+00
-.648506E+00  -.647303E+00  -.646100E+00  -.644897E+00
-.643693E+00  -.642488E+00  -.641283E+00  -.640076E+00
-.638869E+00  -.637662E+00  -.636454E+00  -.635245E+00
-.634035E+00  -.632825E+00  -.631614E+00  -.630403E+00
-.629191E+00  -.627978E+00  -.626764E+00  -.625550E+00
 pair   AG    Pb   440.00000       1.1000000       5.5000000    
0.679700E+02  0.659070E+02  0.639050E+02  0.619624E+02
0.600773E+02  0.582480E+02  0.564731E+02  0.547508E+02
0.530796E+02  0.514581E+02  0.498847E+02  0.483581E+02
0.468769E+02  0.454397E+02  0.440453E+02  0.426925E+02
0.413799E+02  0.401065E+02  0.388710E+02  0.376723E+02
0.365095E+02  0.353813E+02  0.342869E+02  0.332252E+02
0.321953E+02  0.311960E+02  0.302268E+02  0.292866E+02
0.283746E+02  0.274899E+02  0.266317E+02  0.257994E+02
0.249920E+02  0.242089E+02  0.234493E+02  0.227127E+02
0.219981E+02  0.213052E+02  0.206331E+02  0.199813E+02
0.193492E+02  0.187362E+02  0.181417E+02  0.175652E+02
0.170061E+02  0.164640E+02  0.159383E+02  0.154286E+02
0.149343E+02  0.144551E+02  0.139905E+02  0.135400E+02
0.131031E+02  0.126797E+02  0.122691E+02  0.118711E+02
0.114853E+02  0.111112E+02  0.107486E+02  0.103971E+02
0.100565E+02  0.972621E+01  0.940613E+01  0.909588E+01
0.879515E+01  0.850374E+01  0.822132E+01  0.794761E+01
0.768237E+01  0.742533E+01  0.717625E+01  0.693490E+01
0.670105E+01  0.647447E+01  0.625494E+01  0.604225E+01
0.583620E+01  0.563658E+01  0.544321E+01  0.525589E+01
0.507445E+01  0.489870E+01  0.472848E+01  0.456361E+01
0.440395E+01  0.424932E+01  0.409959E+01  0.395459E+01
0.381420E+01  0.367826E+01  0.354664E+01  0.341922E+01
0.329586E+01  0.317644E+01  0.306085E+01  0.294896E+01
0.284067E+01  0.273586E+01  0.263443E+01  0.253628E+01
0.244130E+01  0.234939E+01  0.226048E+01  0.217445E+01
0.209123E+01  0.201073E+01  0.193287E+01  0.185756E+01
0.178472E+01  0.171429E+01  0.164617E+01  0.158032E+01
0.151665E+01  0.145510E+01  0.139559E+01  0.133808E+01
0.128250E+01  0.122878E+01  0.117687E+01  0.112671E+01
0.107825E+01  0.103144E+01  0.986221E+00  0.942546E+00
0.900368E+00  0.859640E+00  0.820317E+00  0.782347E+00
0.745702E+00  0.710328E+00  0.676190E+00  0.643248E+00
0.611467E+00  0.580808E+00  0.551235E+00  0.522716E+00
0.495211E+00  0.468695E+00  0.443131E+00  0.418493E+00
0.394750E+00  0.371874E+00  0.349834E+00  0.328606E+00
0.308163E+00  0.288480E+00  0.269531E+00  0.251296E+00
0.233747E+00  0.216865E+00  0.200625E+00  0.185011E+00
0.169997E+00  0.155569E+00  0.141704E+00  0.128383E+00
0.115590E+00  0.103308E+00  0.915184E-01  0.802042E-01
0.693520E-01  0.589448E-01  0.489672E-01  0.394065E-01
0.302479E-01  0.214767E-01  0.130809E-01  0.504876E-02
-.263342E-02  -.997870E-02  -.169966E-01  -.236990E-01
-.300970E-01  -.362006E-01  -.420201E-01  -.475671E-01
-.528490E-01  -.578767E-01  -.626559E-01  -.671997E-01
-.715156E-01  -.756092E-01  -.794890E-01  -.831652E-01
-.866428E-01  -.899298E-01  -.930329E-01  -.959600E-01
-.987160E-01  -.101308E+00  -.103742E+00  -.106023E+00
-.108158E+00  -.110151E+00  -.112011E+00  -.113740E+00
-.115343E+00  -.116825E+00  -.118192E+00  -.119448E+00
-.120596E+00  -.121643E+00  -.122590E+00  -.123444E+00
-.124207E+00  -.124883E+00  -.125476E+00  -.125990E+00
-.126427E+00  -.126791E+00  -.127085E+00  -.127313E+00
-.127477E+00  -.127580E+00  -.127625E+00  -.127614E+00
-.127551E+00  -.127437E+00  -.127275E+00  -.127068E+00
-.126818E+00  -.126526E+00  -.126196E+00  -.125829E+00
-.125427E+00  -.124992E+00  -.124525E+00  -.124030E+00
-.123507E+00  -.122957E+00  -.122384E+00  -.121788E+00
-.121171E+00  -.120533E+00  -.119877E+00  -.119205E+00
-.118516E+00  -.117812E+00  -.117094E+00  -.116365E+00
-.115624E+00  -.114872E+00  -.114111E+00  -.113342E+00
-.112564E+00  -.111780E+00  -.110990E+00  -.110193E+00
-.109393E+00  -.108588E+00  -.107779E+00  -.106966E+00
-.106151E+00  -.105333E+00  -.104513E+00  -.103691E+00
-.102867E+00  -.102042E+00  -.101215E+00  -.100387E+00
-.995582E-01  -.987279E-01  -.978961E-01  -.970635E-01
-.962294E-01  -.953940E-01  -.945572E-01  -.937190E-01
-.928792E-01  -.920380E-01  -.911950E-01  -.903504E-01
-.895039E-01  -.886560E-01  -.878061E-01  -.869546E-01
-.861014E-01  -.852468E-01  -.843906E-01  -.835332E-01
-.826749E-01  -.818155E-01  -.809556E-01  -.800952E-01
-.792348E-01  -.783742E-01  -.775143E-01  -.766553E-01
-.757972E-01  -.749404E-01  -.740854E-01  -.732325E-01
-.723818E-01  -.715337E-01  -.706886E-01  -.698467E-01
-.690081E-01  -.681736E-01  -.673428E-01  -.665164E-01
-.656941E-01  -.648767E-01  -.640642E-01  -.632562E-01
-.624535E-01  -.616562E-01  -.608641E-01  -.600775E-01
-.592964E-01  -.585212E-01  -.577515E-01  -.569879E-01
-.562301E-01  -.554781E-01  -.547325E-01  -.539928E-01
-.532592E-01  -.525320E-01  -.518110E-01  -.510961E-01
-.503877E-01  -.496857E-01  -.489901E-01  -.483009E-01
-.476184E-01  -.469422E-01  -.462727E-01  -.456097E-01
-.449533E-01  -.443037E-01  -.436606E-01  -.430241E-01
-.423944E-01  -.417713E-01  -.411549E-01  -.405451E-01
-.399419E-01  -.393455E-01  -.387554E-01  -.381722E-01
-.375953E-01  -.370251E-01  -.364611E-01  -.359036E-01
-.353525E-01  -.348078E-01  -.342692E-01  -.337367E-01
-.332104E-01  -.326900E-01  -.321756E-01  -.316671E-01
-.311643E-01  -.306672E-01  -.301757E-01  -.296896E-01
-.292089E-01  -.287335E-01  -.282634E-01  -.277985E-01
-.273384E-01  -.268834E-01  -.264332E-01  -.259877E-01
-.255469E-01  -.251109E-01  -.246793E-01  -.242522E-01
-.238295E-01  -.234113E-01  -.229973E-01  -.225876E-01
-.221823E-01  -.217813E-01  -.213845E-01  -.209920E-01
-.206038E-01  -.202199E-01  -.198406E-01  -.194655E-01
-.190949E-01  -.187289E-01  -.183677E-01  -.180112E-01
-.176594E-01  -.173127E-01  -.169710E-01  -.166345E-01
-.163032E-01  -.159773E-01  -.156569E-01  -.153420E-01
-.150329E-01  -.147295E-01  -.144319E-01  -.141402E-01
-.138545E-01  -.135748E-01  -.133011E-01  -.130336E-01
-.127720E-01  -.125164E-01  -.122669E-01  -.120233E-01
-.117856E-01  -.115538E-01  -.113277E-01  -.111072E-01
-.108924E-01  -.106829E-01  -.104788E-01  -.102799E-01
-.100861E-01  -.989720E-02  -.971311E-02  -.953362E-02
-.935867E-02  -.918808E-02  -.902171E-02  -.885942E-02
-.870107E-02  -.854649E-02  -.839552E-02  -.824812E-02
-.810407E-02  -.796328E-02  -.782563E-02  -.769096E-02
-.755918E-02  -.743017E-02  -.730383E-02  -.718004E-02
-.705870E-02  -.693971E-02  -.682304E-02  -.670845E-02
-.659601E-02  -.648553E-02  -.637698E-02  -.627028E-02
